0 768
0 768
0 768
0 768
0 768
0 768
0 768
0 768
0 768
0 768
0 768
0 768
0 768
0 768
0 768
0 768
0 768
0 768
0 768
0 768
0 768
0 768
0 768
0 768
0 768
0 768
0 768
0 768
0 768
0 768
0 768
0 768
0 768
0 768
0 768
0 768
0 768
0 768
0 768
0 768
0 768
0 768
0 768
0 768
0 768
0 768
0 768
0 768
0 768
0 768
0 768
0 768
0 768
0 768
0 768
0 768
0 768
0 768
0 768
0 768
0 768
0 768
0 768
0 768
0 768
0 768
0 768
0 768
0 768
0 768
0 768
0 768
0 768
0 768
0 768
0 768
0 768
0 768
0 768
0 768
0 768
0 768
0 768
0 768
0 768
0 768
0 768
0 768
0 768
0 768
0 768
0 768
0 768
0 768
0 768
0 768
0 768
0 768
0 768
0 768
0 768
0 768
0 768
0 768
0 768
0 768
0 768
0 768
0 768
0 768
0 768
0 768
0 768
0 768
0 768
0 768
0 768
0 768
0 768
0 768
0 768
0 768
0 768
0 768
0 768
0 768
0 768
0 768
0 768
0 768
0 768
0 768
0 768
0 768
0 768
0 768
0 768
0 768
0 768
0 768
0 768
0 768
0 768
0 768
0 768
0 768
0 768
0 768
0 768
0 768
0 768
0 768
0 768
0 768
0 768
0 768
0 768
0 768
0 768
0 768
0 768
0 768
0 768
0 768
0 768
0 768
0 768
0 768
0 768
0 768
0 768
0 768
0 768
0 768
0 768
0 768
0 768
0 768
0 768
0 768
0 768
0 768
0 768
0 768
0 768
0 768
0 768
0 768
0 768
0 768
0 768
0 768
0 768
0 768
0 768
0 768
0 768
0 768
0 768
0 768
0 768
0 768
0 768
0 768
0 768
0 768
0 768
0 768
0 768
0 359
1 23
0 386
0 342
1 47
0 379
0 338
1 58
0 372
0 335
1 63
0 370
0 331
1 69
0 368
0 328
1 73
0 367
0 325
1 79
0 364
0 322
1 85
0 361
0 319
1 91
0 358
0 316
1 96
0 356
0 313
1 101
0 354
0 310
1 106
0 352
0 307
1 114
0 347
0 304
1 121
0 343
0 301
1 126
0 341
0 299
1 129
0 340
0 295
1 134
0 339
0 293
1 137
0 338
0 290
1 142
0 336
0 288
1 147
0 333
0 285
1 151
0 332
0 283
1 155
0 330
0 280
1 161
0 327
0 278
1 165
0 325
0 276
1 168
0 324
0 273
1 172
0 323
0 271
1 176
0 321
0 269
1 179
0 320
0 267
1 182
0 319
0 265
1 186
0 317
0 263
1 189
0 316
0 261
1 192
0 315
0 260
1 194
0 314
0 258
1 196
0 314
0 256
1 199
0 313
0 254
1 202
0 312
0 252
1 206
0 310
0 251
1 207
0 310
0 249
1 210
0 309
0 247
1 213
0 308
0 246
1 215
0 307
0 244
1 217
0 307
0 242
1 220
0 306
0 241
1 221
0 306
0 240
1 223
0 305
0 239
1 225
0 304
0 238
1 226
0 304
0 237
1 227
0 304
0 236
1 229
0 303
0 235
1 231
0 302
0 234
1 232
0 302
0 233
1 234
0 301
0 233
1 235
0 300
0 233
1 236
0 299
0 233
1 237
0 298
0 233
1 238
0 297
0 231
1 241
0 296
0 228
1 245
0 295
0 227
1 246
0 295
0 226
1 248
0 294
0 225
1 249
0 294
0 225
1 250
0 293
0 225
1 250
0 293
0 224
1 251
0 293
0 224
1 252
0 292
0 223
1 253
0 292
0 223
1 254
0 291
0 222
1 255
0 291
0 221
1 257
0 290
0 220
1 258
0 290
0 220
1 259
0 289
0 219
1 260
0 289
0 218
1 261
0 289
0 218
1 261
0 289
0 217
1 263
0 288
0 216
1 264
0 288
0 216
1 264
0 288
0 215
1 265
0 288
0 215
1 266
0 287
0 214
1 267
0 287
0 213
1 268
0 287
0 213
1 269
0 286
0 212
1 271
0 285
0 212
1 271
0 285
0 212
1 271
0 285
0 211
1 273
0 284
0 211
1 273
0 284
0 210
1 274
0 284
0 210
1 275
0 283
0 209
1 276
0 283
0 209
1 277
0 282
0 208
1 278
0 282
0 208
1 278
0 282
0 207
1 279
0 282
0 206
1 280
0 282
0 206
1 280
0 282
0 206
1 280
0 282
0 205
1 282
0 281
0 205
1 282
0 281
0 204
1 283
0 281
0 203
1 283
0 282
0 204
1 283
0 281
0 203
1 284
0 281
0 203
1 284
0 281
0 201
1 287
0 280
0 201
1 287
0 280
0 200
1 289
0 279
0 200
1 289
0 279
0 200
1 289
0 279
0 200
1 289
0 279
0 199
1 291
0 278
0 200
1 290
0 278
0 199
1 291
0 278
0 198
1 292
0 278
0 198
1 292
0 278
0 198
1 293
0 277
0 198
1 294
0 276
0 198
1 294
0 276
0 197
1 295
0 276
0 197
1 295
0 276
0 197
1 296
0 275
0 197
1 296
0 275
0 198
1 295
0 275
0 198
1 295
0 275
0 198
1 295
0 275
0 197
1 296
0 275
0 197
1 296
0 275
0 197
1 295
0 276
0 197
1 295
0 276
0 196
1 296
0 276
0 197
1 167
0 1
1 127
0 276
0 197
1 165
0 3
1 127
0 276
0 197
1 164
0 4
1 127
0 276
0 197
1 164
0 4
1 127
0 276
0 197
1 295
0 276
0 197
1 295
0 276
0 197
1 175
0 1
1 119
0 276
0 196
1 297
0 275
0 196
1 297
0 275
0 197
1 296
0 275
0 197
1 296
0 275
0 197
1 297
0 274
0 197
1 297
0 274
0 197
1 297
0 274
0 197
1 297
0 274
0 197
1 297
0 274
0 197
1 297
0 274
0 197
1 297
0 274
0 197
1 297
0 274
0 197
1 297
0 274
0 197
1 297
0 274
0 197
1 297
0 274
0 197
1 297
0 274
0 197
1 297
0 274
0 197
1 297
0 274
0 197
1 297
0 274
0 198
1 172
0 1
1 123
0 274
0 198
1 296
0 274
0 198
1 296
0 274
0 198
1 297
0 273
0 198
1 297
0 273
0 198
1 297
0 273
0 198
1 152
0 2
1 143
0 273
0 198
1 151
0 5
1 141
0 273
0 198
1 151
0 7
1 139
0 273
0 198
1 151
0 7
1 138
0 274
0 198
1 152
0 8
1 136
0 274
0 199
1 152
0 6
1 6
0 1
1 130
0 274
0 199
1 295
0 274
0 199
1 295
0 274
0 199
1 294
0 275
0 199
1 294
0 275
0 198
1 296
0 274
0 198
1 295
0 275
0 198
1 296
0 274
0 198
1 295
0 275
0 198
1 295
0 275
0 198
1 295
0 275
0 198
1 294
0 276
0 199
1 293
0 276
0 199
1 292
0 277
0 199
1 292
0 277
0 200
1 291
0 277
0 200
1 290
0 278
0 200
1 290
0 278
0 200
1 290
0 278
0 200
1 290
0 278
0 200
1 289
0 279
0 199
1 290
0 279
0 200
1 289
0 279
0 200
1 289
0 279
0 200
1 288
0 280
0 200
1 288
0 280
0 201
1 286
0 281
0 201
1 286
0 281
0 202
1 285
0 281
0 202
1 284
0 282
0 202
1 284
0 282
0 203
1 282
0 283
0 202
1 283
0 283
0 203
1 282
0 283
0 203
1 282
0 283
0 202
1 283
0 283
0 203
1 282
0 283
0 203
1 281
0 284
0 203
1 281
0 284
0 204
1 279
0 285
0 204
1 279
0 285
0 204
1 278
0 286
0 204
1 278
0 286
0 204
1 277
0 287
0 205
1 276
0 287
0 205
1 275
0 288
0 206
1 273
0 289
0 207
1 272
0 289
0 208
1 271
0 289
0 209
1 269
0 290
0 209
1 269
0 290
0 209
1 268
0 291
0 209
1 267
0 292
0 210
1 266
0 292
0 210
1 265
0 293
0 210
1 264
0 294
0 211
1 263
0 294
0 212
1 262
0 294
0 212
1 261
0 295
0 213
1 260
0 295
0 214
1 258
0 296
0 216
1 256
0 296
0 216
1 256
0 296
0 217
1 254
0 297
0 217
1 253
0 298
0 217
1 253
0 298
0 218
1 251
0 299
0 218
1 251
0 299
0 219
1 249
0 300
0 221
1 245
0 302
0 222
1 243
0 303
0 222
1 243
0 303
0 224
1 208
0 3
1 29
0 304
0 224
1 240
0 304
0 225
1 151
0 3
1 85
0 304
0 226
1 105
0 6
1 38
0 6
1 81
0 306
0 227
1 100
0 10
1 37
0 6
1 82
0 306
0 227
1 100
0 4
1 1
0 5
1 37
0 7
1 31
0 4
1 45
0 307
0 228
1 102
0 8
1 37
0 6
1 63
0 3
1 5
0 1
1 7
0 308
0 229
1 104
0 5
1 38
0 7
1 61
0 2
1 13
0 309
0 229
1 76
0 2
1 3
0 3
1 20
0 4
1 16
0 9
1 2
0 1
1 11
0 7
1 74
0 311
0 231
1 80
0 2
1 5
0 6
1 1
0 1
1 7
0 4
1 13
0 16
1 10
0 7
1 61
0 3
1 9
0 312
0 232
1 70
0 1
1 21
0 3
1 7
0 3
1 6
0 26
1 6
0 10
1 49
0 1
1 5
0 7
1 6
0 315
0 232
1 69
0 3
1 20
0 5
1 5
0 4
1 3
0 47
1 53
0 6
1 5
0 316
0 233
1 64
0 1
1 2
0 5
1 19
0 5
1 5
0 56
1 52
0 6
1 1
0 319
0 233
1 65
0 13
1 10
0 9
1 4
0 68
1 41
0 325
0 234
1 54
0 1
1 2
0 1
1 4
0 15
1 7
0 85
1 1
0 4
1 12
0 4
1 20
0 324
0 235
1 54
0 6
1 1
0 15
1 6
0 86
1 1
0 24
1 16
0 324
0 236
1 53
0 4
1 2
0 17
1 3
0 53
1 1
0 59
1 16
0 324
0 237
1 51
0 1
1 7
0 16
1 2
0 53
1 1
0 22
1 9
0 12
1 1
0 6
1 1
0 10
1 2
0 4
1 5
0 1
1 2
0 325
0 238
1 58
0 92
1 12
0 17
1 1
0 350
0 240
1 45
0 1
1 9
0 95
1 12
0 16
1 1
0 349
0 241
1 49
0 101
1 12
0 14
1 4
0 347
0 242
1 41
0 1
1 8
0 100
1 2
0 1
1 15
0 8
1 3
0 347
0 243
1 31
0 1
1 7
0 4
1 4
0 104
1 18
0 7
1 2
0 347
0 244
1 30
0 2
1 5
0 114
1 9
0 2
1 6
0 356
0 243
1 38
0 117
1 3
0 7
1 1
0 21
1 2
0 336
0 245
1 30
0 2
1 2
0 150
1 1
0 338
0 246
1 34
0 488
0 247
1 34
0 487
0 249
1 16
0 5
1 1
0 6
1 6
0 485
0 251
1 8
0 20
1 5
0 484
0 252
1 5
0 511
0 253
1 3
0 6
1 2
0 504
0 255
1 1
0 7
1 2
0 503
0 255
1 1
0 512
0 255
1 4
0 146
1 3
0 360
0 256
1 5
0 144
1 2
0 361
0 260
1 7
0 501
0 261
1 8
0 8
1 1
0 490
0 263
1 6
0 310
1 1
0 188
0 264
1 5
0 499
0 266
1 1
0 501
0 768
0 768
0 768
0 768
0 768
0 768
0 768
0 768
0 768
0 768
0 768
0 768
0 768
0 768
0 768
0 768
0 70
1 1
0 697
0 69
1 2
0 697
0 768
0 112
1 1
0 655
0 768
0 768
0 443
1 1
0 324
0 443
1 2
0 110
1 1
0 212
0 768
0 296
1 1
0 471
0 768
0 768
0 246
1 1
0 521
0 246
1 1
0 521
0 768
0 488
1 4
0 276
0 488
1 3
0 277
0 560
1 1
0 207
0 105
1 1
0 453
1 4
0 205
0 105
1 1
0 454
1 3
0 205
0 768
0 768
0 768
0 768
0 164
1 1
0 292
1 2
0 309
0 164
1 1
0 603
0 597
1 1
0 170
0 768
0 768
0 768
0 768
0 768
0 768
0 768
0 768
0 768
0 768
0 768
0 768
0 641
1 1
0 126
0 641
1 1
0 126
0 768
0 768
0 768
0 768
0 768
0 768
0 768
0 768
0 768
0 210
1 1
0 557
0 768
0 768
0 768
0 768
0 768
0 768
0 768
0 768
0 768
0 768
0 768
0 768
0 768
0 768
0 768
0 768
0 768
0 768
0 768
0 768
