0 768
0 768
0 768
0 768
0 768
0 768
0 768
0 768
0 768
0 768
0 768
0 768
0 768
0 768
0 768
0 768
0 768
0 768
0 768
0 768
0 768
0 768
0 768
0 768
0 768
0 768
0 768
0 768
0 768
0 768
0 768
0 768
0 768
0 768
0 768
0 768
0 768
0 768
0 768
0 768
0 768
0 768
0 768
0 768
0 768
0 768
0 768
0 768
0 768
0 768
0 768
0 768
0 768
0 768
0 768
0 768
0 768
0 768
0 768
0 768
0 768
0 768
0 768
0 393
1 1
0 1
1 18
0 355
0 385
1 36
0 347
0 379
1 48
0 341
0 373
1 58
0 337
0 367
1 68
0 333
0 360
1 78
0 330
0 354
1 87
0 327
0 350
1 93
0 325
0 347
1 99
0 322
0 345
1 103
0 320
0 344
1 106
0 318
0 343
1 109
0 316
0 342
1 112
0 314
0 340
1 116
0 312
0 337
1 120
0 311
0 333
1 126
0 309
0 331
1 130
0 307
0 329
1 133
0 306
0 328
1 135
0 305
0 327
1 138
0 303
0 326
1 140
0 302
0 325
1 142
0 301
0 324
1 144
0 300
0 324
1 145
0 299
0 323
1 148
0 297
0 323
1 149
0 296
0 322
1 151
0 295
0 322
1 152
0 294
0 322
1 153
0 293
0 321
1 155
0 292
0 321
1 156
0 291
0 320
1 157
0 291
0 320
1 158
0 290
0 320
1 159
0 289
0 319
1 161
0 288
0 319
1 162
0 287
0 319
1 163
0 286
0 318
1 164
0 286
0 318
1 165
0 285
0 318
1 166
0 284
0 317
1 167
0 284
0 317
1 168
0 283
0 316
1 170
0 282
0 315
1 171
0 282
0 315
1 172
0 281
0 315
1 173
0 280
0 315
1 173
0 280
0 314
1 175
0 279
0 313
1 176
0 279
0 313
1 177
0 278
0 313
1 177
0 278
0 313
1 178
0 277
0 312
1 179
0 277
0 311
1 181
0 276
0 311
1 181
0 276
0 311
1 182
0 275
0 310
1 183
0 275
0 310
1 184
0 274
0 309
1 185
0 274
0 309
1 186
0 273
0 309
1 186
0 273
0 308
1 187
0 273
0 308
1 188
0 272
0 308
1 188
0 272
0 307
1 189
0 272
0 307
1 190
0 271
0 306
1 191
0 271
0 306
1 192
0 270
0 306
1 192
0 270
0 305
1 194
0 269
0 305
1 195
0 268
0 305
1 196
0 267
0 304
1 197
0 267
0 304
1 198
0 266
0 304
1 199
0 265
0 303
1 202
0 263
0 303
1 203
0 262
0 303
1 205
0 59
1 8
0 193
0 302
1 207
0 55
1 14
0 190
0 302
1 209
0 49
1 18
0 190
0 302
1 211
0 44
1 22
0 189
0 301
1 213
0 40
1 25
0 189
0 301
1 215
0 35
1 28
0 189
0 301
1 217
0 30
1 31
0 189
0 300
1 220
0 25
1 35
0 188
0 300
1 223
0 19
1 38
0 188
0 300
1 228
0 9
1 43
0 188
0 299
1 140
0 2
1 139
0 188
0 299
1 134
0 2
1 4
0 3
1 138
0 188
0 298
1 134
0 12
1 136
0 188
0 298
1 133
0 13
1 135
0 189
0 298
1 132
0 9
1 1
0 5
1 135
0 188
0 297
1 132
0 17
1 133
0 189
0 297
1 132
0 18
1 132
0 189
0 297
1 132
0 2
1 1
0 15
1 132
0 189
0 296
1 132
0 20
1 130
0 190
0 296
1 132
0 20
1 130
0 190
0 296
1 132
0 20
1 129
0 191
0 296
1 132
0 21
1 128
0 191
0 295
1 133
0 21
1 127
0 192
0 295
1 133
0 21
1 126
0 193
0 295
1 133
0 21
1 126
0 193
0 295
1 133
0 22
1 124
0 194
0 295
1 133
0 22
1 123
0 195
0 295
1 134
0 21
1 123
0 195
0 295
1 134
0 21
1 122
0 196
0 295
1 134
0 21
1 121
0 197
0 295
1 135
0 20
1 121
0 197
0 295
1 135
0 19
1 120
0 199
0 296
1 135
0 18
1 120
0 199
0 296
1 135
0 17
1 120
0 200
0 297
1 135
0 15
1 120
0 201
0 297
1 136
0 14
1 119
0 202
0 298
1 136
0 12
1 119
0 203
0 298
1 137
0 10
1 119
0 204
0 299
1 137
0 7
1 121
0 204
0 300
1 138
0 3
1 121
0 206
0 301
1 260
0 207
0 301
1 259
0 208
0 301
1 258
0 209
0 301
1 256
0 211
0 301
1 255
0 212
0 301
1 254
0 213
0 301
1 253
0 214
0 301
1 252
0 215
0 301
1 250
0 217
0 302
1 240
0 1
1 7
0 218
0 302
1 246
0 220
0 302
1 245
0 221
0 303
1 243
0 222
0 304
1 241
0 223
0 304
1 240
0 224
0 305
1 239
0 224
0 305
1 243
0 220
0 306
1 242
0 220
0 306
1 245
0 217
0 307
1 247
0 214
0 308
1 248
0 212
0 308
1 250
0 210
0 309
1 250
0 209
0 308
1 252
0 208
0 310
1 253
0 205
0 310
1 213
0 1
1 39
0 205
0 311
1 255
0 202
0 311
1 256
0 201
0 312
1 256
0 200
0 313
1 255
0 200
0 314
1 255
0 199
0 314
1 255
0 199
0 315
1 255
0 198
0 316
1 254
0 198
0 316
1 254
0 198
0 317
1 253
0 198
0 318
1 252
0 198
0 319
1 250
0 199
0 320
1 246
0 202
0 321
1 243
0 204
0 321
1 237
0 210
0 322
1 219
0 1
1 6
0 1
1 1
0 218
0 323
1 222
0 2
1 1
0 220
0 324
1 195
0 1
1 17
0 1
1 1
0 229
0 325
1 214
0 229
0 326
1 210
0 232
0 327
1 204
0 237
0 328
1 194
0 246
0 329
1 187
0 252
0 330
1 183
0 255
0 331
1 179
0 258
0 332
1 175
0 261
0 334
1 170
0 264
0 335
1 167
0 266
0 335
1 165
0 268
0 337
1 161
0 270
0 338
1 159
0 271
0 339
1 156
0 273
0 340
1 153
0 1
1 1
0 273
0 341
1 151
0 276
0 342
1 150
0 276
0 342
1 147
0 1
1 1
0 277
0 343
1 148
0 277
0 345
1 147
0 276
0 345
1 146
0 277
0 346
1 144
0 278
0 347
1 143
0 278
0 348
1 141
0 279
0 349
1 139
0 280
0 350
1 137
0 281
0 351
1 136
0 281
0 351
1 135
0 282
0 352
1 134
0 282
0 353
1 133
0 282
0 353
1 132
0 283
0 354
1 131
0 283
0 354
1 131
0 283
0 354
1 130
0 284
0 355
1 130
0 283
0 356
1 128
0 284
0 356
1 128
0 284
0 356
1 128
0 284
0 356
1 128
0 284
0 161
1 13
0 182
1 128
0 284
0 157
1 19
0 181
1 127
0 284
0 155
1 23
0 178
1 128
0 284
0 153
1 27
0 177
1 127
0 284
0 151
1 30
0 175
1 128
0 284
0 149
1 34
0 173
1 128
0 284
0 147
1 37
0 171
1 129
0 284
0 146
1 39
0 169
1 130
0 284
0 144
1 42
0 105
1 12
0 50
1 131
0 284
0 143
1 44
0 90
1 40
0 35
1 133
0 283
0 141
1 46
0 84
1 60
0 17
1 137
0 283
0 140
1 48
0 78
1 219
0 283
0 139
1 50
0 73
1 224
0 282
0 137
1 53
0 68
1 228
0 282
0 136
1 54
0 65
1 232
0 281
0 135
1 56
0 60
1 236
0 281
0 134
1 58
0 56
1 239
0 281
0 133
1 59
0 53
1 244
0 279
0 132
1 61
0 49
1 247
0 279
0 131
1 62
0 47
1 249
0 279
0 130
1 64
0 42
1 254
0 278
0 129
1 66
0 39
1 257
0 277
0 128
1 68
0 34
1 262
0 276
0 127
1 70
0 30
1 265
0 276
0 127
1 72
0 23
1 271
0 275
0 126
1 76
0 15
1 277
0 274
0 125
1 370
0 273
0 125
1 371
0 272
0 124
1 373
0 271
0 123
1 375
0 270
0 122
1 377
0 269
0 122
1 379
0 267
0 121
1 381
0 266
0 121
1 382
0 265
0 120
1 385
0 263
0 120
1 386
0 262
0 119
1 389
0 260
0 119
1 391
0 258
0 119
1 392
0 257
0 118
1 395
0 255
0 118
1 397
0 253
0 117
1 400
0 251
0 117
1 402
0 249
0 117
1 405
0 246
0 117
1 406
0 245
0 116
1 409
0 243
0 116
1 412
0 240
0 116
1 413
0 239
0 116
1 415
0 237
0 115
1 418
0 235
0 115
1 419
0 234
0 115
1 421
0 232
0 115
1 422
0 231
0 115
1 424
0 229
0 115
1 425
0 228
0 115
1 427
0 226
0 115
1 429
0 224
0 114
1 431
0 223
0 114
1 433
0 221
0 114
1 434
0 220
0 114
1 436
0 218
0 114
1 437
0 217
0 114
1 439
0 215
0 114
1 440
0 214
0 114
1 441
0 213
0 114
1 442
0 212
0 114
1 443
0 211
0 114
1 444
0 210
0 114
1 445
0 209
0 115
1 445
0 208
0 115
1 446
0 207
0 115
1 447
0 206
0 115
1 448
0 205
0 115
1 448
0 205
0 115
1 449
0 204
0 115
1 450
0 203
0 116
1 449
0 203
0 116
1 450
0 202
0 116
1 451
0 201
0 116
1 451
0 201
0 116
1 452
0 200
0 116
1 452
0 200
0 117
1 452
0 199
0 117
1 452
0 199
0 117
1 453
0 198
0 117
1 454
0 197
0 117
1 454
0 197
0 118
1 454
0 196
0 118
1 454
0 196
0 118
1 455
0 195
0 118
1 455
0 195
0 119
1 455
0 194
0 119
1 455
0 194
0 119
1 456
0 193
0 119
1 456
0 193
0 119
1 456
0 193
0 119
1 457
0 192
0 120
1 456
0 192
0 120
1 457
0 191
0 120
1 458
0 190
0 120
1 458
0 190
0 120
1 458
0 190
0 120
1 458
0 190
0 120
1 459
0 189
0 120
1 459
0 189
0 120
1 459
0 189
0 121
1 459
0 188
0 121
1 459
0 188
0 121
1 459
0 188
0 121
1 460
0 187
0 121
1 460
0 187
0 121
1 460
0 187
0 121
1 460
0 187
0 121
1 460
0 187
0 121
1 461
0 186
0 121
1 461
0 186
0 122
1 460
0 186
0 122
1 461
0 185
0 122
1 461
0 185
0 122
1 461
0 185
0 122
1 461
0 185
0 122
1 461
0 185
0 123
1 460
0 185
0 123
1 460
0 185
0 124
1 459
0 185
0 123
1 461
0 184
0 123
1 461
0 184
0 124
1 460
0 184
0 124
1 460
0 184
0 124
1 460
0 184
0 124
1 460
0 184
0 124
1 460
0 184
0 125
1 459
0 184
0 126
1 458
0 184
0 126
1 458
0 184
0 125
1 459
0 184
0 126
1 458
0 184
0 127
1 457
0 184
0 127
1 457
0 184
0 127
1 457
0 184
0 128
1 456
0 184
0 128
1 456
0 184
0 128
1 456
0 184
0 129
1 455
0 184
0 129
1 454
0 185
0 129
1 454
0 185
0 130
1 453
0 185
0 130
1 453
0 185
0 130
1 452
0 186
0 131
1 451
0 186
0 131
1 451
0 186
0 131
1 450
0 187
0 132
1 449
0 187
0 132
1 448
0 188
0 132
1 448
0 188
0 133
1 447
0 188
0 133
1 447
0 188
0 134
1 446
0 188
0 134
1 446
0 188
0 134
1 446
0 188
0 135
1 445
0 188
0 135
1 445
0 188
0 136
1 444
0 188
0 136
1 444
0 188
0 137
1 442
0 189
0 137
1 442
0 189
0 137
1 442
0 189
0 138
1 440
0 190
0 138
1 440
0 190
0 139
1 439
0 190
0 139
1 439
0 190
0 140
1 437
0 191
0 140
1 437
0 191
0 141
1 436
0 191
0 142
1 434
0 192
0 142
1 433
0 193
0 143
1 433
0 192
0 143
1 432
0 193
0 144
1 431
0 193
0 144
1 430
0 194
0 145
1 428
0 195
0 146
1 426
0 196
0 146
1 426
0 196
0 147
1 424
0 197
0 148
1 423
0 197
0 148
1 422
0 198
0 149
1 420
0 199
0 150
1 418
0 200
0 150
1 417
0 201
0 151
1 416
0 201
0 153
1 414
0 201
0 153
1 414
0 201
0 154
1 412
0 202
0 155
1 411
0 202
0 156
1 409
0 203
0 156
1 409
0 203
0 157
1 407
0 204
0 158
1 406
0 204
0 159
1 404
0 205
0 159
1 404
0 205
0 160
1 402
0 206
0 161
1 400
0 207
0 162
1 399
0 207
0 163
1 397
0 208
0 163
1 396
0 209
0 164
1 394
0 210
0 165
1 392
0 211
0 166
1 390
0 212
0 167
1 388
0 213
0 168
1 387
0 213
0 169
1 384
0 215
0 170
1 382
0 216
0 171
1 379
0 218
0 172
1 375
0 221
0 173
1 374
0 221
0 173
1 372
0 223
0 175
1 369
0 224
0 176
1 367
0 225
0 178
1 364
0 226
0 179
1 361
0 228
0 181
1 358
0 229
0 182
1 356
0 230
0 183
1 354
0 231
0 184
1 351
0 233
0 185
1 349
0 234
0 187
1 346
0 235
0 188
1 343
0 237
0 190
1 340
0 238
0 192
1 336
0 240
0 193
1 333
0 242
0 195
1 329
0 244
0 197
1 325
0 246
0 199
1 322
0 247
0 201
1 318
0 249
0 203
1 313
0 252
0 205
1 309
0 254
0 208
1 303
0 257
0 211
1 298
0 259
0 214
1 292
0 262
0 218
1 286
0 264
0 221
1 279
0 268
0 225
1 272
0 271
0 229
1 264
0 275
0 233
1 257
0 278
0 238
1 246
0 284
0 242
1 236
0 290
0 249
1 223
0 296
0 255
1 210
0 303
0 261
1 197
0 310
0 269
1 180
0 319
0 279
1 161
0 328
0 211
1 1
0 79
1 139
0 338
0 304
1 1
0 1
1 112
0 350
0 326
1 75
0 367
0 768
0 768
0 768
0 433
1 1
0 334
0 510
1 1
0 257
0 448
1 4
0 316
0 768
0 278
1 1
0 489
0 469
1 1
0 298
0 768
0 768
0 768
0 768
0 768
0 234
1 2
0 248
1 1
0 283
0 336
1 1
0 146
1 2
0 283
0 217
1 1
0 550
0 768
0 768
0 477
1 2
0 289
0 768
0 768
0 768
0 768
0 768
0 443
1 1
0 324
0 768
0 768
0 768
0 768
0 768
0 768
0 768
0 768
0 768
0 768
0 768
0 768
0 768
0 768
0 768
0 768
0 768
0 768
0 768
0 768
0 768
0 768
0 768
0 768
0 768
0 768
0 768
0 768
0 768
0 768
0 768
0 768
0 768
