0 768
0 768
0 768
0 768
0 768
0 768
0 768
0 768
0 768
0 768
0 768
0 768
0 768
0 768
0 768
0 768
0 768
0 768
0 768
0 768
0 768
0 768
0 768
0 768
0 768
0 768
0 768
0 768
0 768
0 768
0 768
0 768
0 768
0 768
0 768
0 768
0 768
0 768
0 768
0 768
0 768
0 768
0 768
0 768
0 768
0 768
0 768
0 768
0 768
0 768
0 768
0 768
0 768
0 768
0 768
0 768
0 768
0 768
0 768
0 768
0 768
0 344
1 22
0 402
0 336
1 38
0 394
0 331
1 48
0 389
0 326
1 57
0 385
0 322
1 65
0 381
0 320
1 71
0 377
0 317
1 77
0 374
0 314
1 82
0 372
0 311
1 88
0 369
0 309
1 93
0 366
0 307
1 97
0 364
0 305
1 101
0 362
0 304
1 104
0 360
0 302
1 108
0 358
0 300
1 112
0 356
0 299
1 115
0 354
0 297
1 119
0 352
0 296
1 121
0 351
0 294
1 125
0 349
0 293
1 128
0 347
0 292
1 130
0 346
0 291
1 133
0 344
0 289
1 136
0 343
0 288
1 138
0 342
0 287
1 141
0 340
0 286
1 143
0 339
0 285
1 145
0 338
0 284
1 147
0 337
0 282
1 150
0 336
0 281
1 152
0 335
0 280
1 155
0 333
0 279
1 157
0 332
0 278
1 159
0 331
0 278
1 159
0 331
0 277
1 161
0 330
0 276
1 163
0 329
0 276
1 164
0 328
0 275
1 166
0 327
0 275
1 167
0 326
0 274
1 169
0 325
0 274
1 170
0 324
0 273
1 172
0 323
0 273
1 173
0 322
0 272
1 174
0 322
0 271
1 176
0 321
0 270
1 178
0 320
0 270
1 178
0 320
0 269
1 180
0 319
0 268
1 182
0 318
0 268
1 182
0 318
0 267
1 184
0 317
0 266
1 185
0 317
0 265
1 186
0 317
0 265
1 187
0 316
0 264
1 188
0 316
0 264
1 188
0 316
0 264
1 189
0 315
0 263
1 190
0 315
0 263
1 190
0 315
0 262
1 192
0 314
0 262
1 192
0 314
0 262
1 192
0 314
0 261
1 194
0 313
0 261
1 194
0 313
0 261
1 194
0 313
0 261
1 194
0 313
0 260
1 195
0 313
0 260
1 196
0 312
0 260
1 196
0 312
0 260
1 196
0 312
0 260
1 196
0 312
0 260
1 196
0 312
0 260
1 196
0 312
0 260
1 197
0 311
0 259
1 197
0 312
0 259
1 197
0 312
0 260
1 197
0 311
0 259
1 198
0 311
0 260
1 197
0 311
0 260
1 197
0 311
0 260
1 197
0 311
0 260
1 197
0 311
0 260
1 197
0 311
0 260
1 197
0 311
0 260
1 197
0 311
0 260
1 197
0 311
0 260
1 197
0 311
0 261
1 196
0 311
0 261
1 196
0 311
0 261
1 196
0 311
0 261
1 196
0 311
0 261
1 196
0 311
0 261
1 195
0 312
0 261
1 195
0 312
0 261
1 195
0 312
0 261
1 195
0 312
0 261
1 195
0 312
0 262
1 194
0 312
0 261
1 195
0 312
0 261
1 195
0 312
0 261
1 195
0 312
0 262
1 194
0 312
0 262
1 194
0 312
0 262
1 193
0 313
0 262
1 193
0 313
0 262
1 193
0 313
0 262
1 193
0 313
0 263
1 192
0 313
0 263
1 192
0 313
0 263
1 191
0 314
0 263
1 191
0 314
0 263
1 191
0 314
0 264
1 190
0 314
0 264
1 190
0 314
0 264
1 189
0 315
0 264
1 189
0 315
0 264
1 189
0 315
0 264
1 189
0 315
0 264
1 188
0 316
0 264
1 188
0 316
0 265
1 187
0 316
0 265
1 187
0 316
0 265
1 186
0 317
0 266
1 185
0 317
0 266
1 185
0 317
0 266
1 185
0 317
0 267
1 183
0 318
0 267
1 183
0 318
0 267
1 182
0 319
0 267
1 182
0 319
0 268
1 181
0 319
0 268
1 180
0 320
0 268
1 180
0 320
0 268
1 179
0 321
0 269
1 178
0 321
0 269
1 177
0 322
0 269
1 177
0 322
0 269
1 176
0 323
0 269
1 176
0 323
0 270
1 174
0 324
0 270
1 174
0 324
0 270
1 173
0 325
0 270
1 173
0 325
0 270
1 172
0 326
0 270
1 172
0 326
0 271
1 170
0 327
0 271
1 170
0 327
0 271
1 168
0 329
0 271
1 168
0 329
0 271
1 168
0 329
0 271
1 167
0 330
0 272
1 165
0 331
0 272
1 164
0 332
0 272
1 164
0 332
0 272
1 163
0 333
0 272
1 162
0 334
0 272
1 162
0 334
0 273
1 160
0 335
0 273
1 159
0 336
0 273
1 158
0 337
0 273
1 158
0 337
0 274
1 156
0 338
0 274
1 155
0 339
0 274
1 155
0 339
0 274
1 154
0 340
0 275
1 152
0 341
0 275
1 151
0 342
0 275
1 151
0 342
0 275
1 150
0 343
0 275
1 149
0 344
0 276
1 147
0 345
0 276
1 147
0 345
0 276
1 146
0 346
0 276
1 145
0 347
0 277
1 144
0 347
0 277
1 143
0 348
0 277
1 142
0 349
0 277
1 141
0 350
0 278
1 139
0 351
0 278
1 139
0 351
0 278
1 138
0 352
0 278
1 137
0 353
0 278
1 136
0 354
0 278
1 136
0 354
0 279
1 134
0 355
0 279
1 134
0 355
0 279
1 133
0 356
0 279
1 132
0 357
0 279
1 131
0 358
0 280
1 129
0 359
0 279
1 130
0 359
0 279
1 129
0 360
0 279
1 128
0 361
0 280
1 127
0 361
0 280
1 126
0 362
0 280
1 126
0 362
0 280
1 125
0 363
0 280
1 124
0 364
0 280
1 124
0 364
0 279
1 125
0 364
0 279
1 124
0 365
0 279
1 124
0 365
0 279
1 124
0 365
0 279
1 123
0 366
0 279
1 123
0 366
0 279
1 123
0 366
0 278
1 124
0 366
0 278
1 124
0 366
0 278
1 124
0 366
0 277
1 124
0 367
0 277
1 124
0 367
0 277
1 124
0 367
0 276
1 125
0 367
0 276
1 125
0 367
0 276
1 126
0 366
0 275
1 127
0 366
0 275
1 127
0 366
0 274
1 128
0 366
0 274
1 128
0 366
0 273
1 130
0 365
0 272
1 131
0 365
0 272
1 131
0 365
0 271
1 133
0 364
0 271
1 133
0 364
0 270
1 135
0 363
0 269
1 137
0 362
0 268
1 138
0 362
0 267
1 140
0 361
0 267
1 141
0 360
0 266
1 143
0 359
0 265
1 145
0 358
0 264
1 147
0 357
0 263
1 150
0 355
0 262
1 152
0 354
0 261
1 158
0 349
0 260
1 165
0 343
0 259
1 170
0 339
0 257
1 176
0 335
0 256
1 181
0 331
0 255
1 185
0 328
0 253
1 190
0 325
0 252
1 194
0 322
0 251
1 198
0 319
0 249
1 203
0 316
0 248
1 207
0 313
0 246
1 211
0 311
0 245
1 214
0 309
0 244
1 218
0 306
0 242
1 222
0 304
0 241
1 225
0 302
0 240
1 228
0 300
0 238
1 232
0 298
0 237
1 235
0 296
0 236
1 238
0 294
0 235
1 241
0 292
0 233
1 245
0 290
0 232
1 248
0 288
0 231
1 250
0 287
0 230
1 253
0 285
0 229
1 256
0 283
0 228
1 258
0 282
0 226
1 262
0 280
0 225
1 264
0 279
0 224
1 267
0 277
0 223
1 269
0 276
0 222
1 272
0 274
0 221
1 274
0 273
0 220
1 277
0 271
0 219
1 279
0 270
0 218
1 281
0 269
0 217
1 283
0 268
0 216
1 285
0 267
0 215
1 287
0 266
0 214
1 290
0 264
0 213
1 291
0 264
0 212
1 294
0 262
0 211
1 295
0 262
0 211
1 296
0 261
0 210
1 299
0 259
0 209
1 301
0 258
0 208
1 303
0 257
0 207
1 305
0 256
0 206
1 308
0 254
0 205
1 309
0 254
0 204
1 312
0 252
0 203
1 313
0 252
0 203
1 315
0 250
0 202
1 317
0 249
0 201
1 319
0 248
0 200
1 321
0 247
0 200
1 322
0 246
0 199
1 323
0 246
0 198
1 325
0 245
0 197
1 327
0 244
0 197
1 328
0 243
0 196
1 330
0 242
0 195
1 332
0 241
0 195
1 332
0 241
0 194
1 334
0 240
0 193
1 336
0 239
0 193
1 336
0 239
0 192
1 338
0 238
0 192
1 339
0 237
0 191
1 340
0 237
0 190
1 342
0 236
0 189
1 344
0 235
0 188
1 345
0 235
0 188
1 346
0 234
0 187
1 348
0 233
0 186
1 349
0 233
0 185
1 351
0 232
0 185
1 351
0 232
0 184
1 352
0 232
0 184
1 353
0 231
0 183
1 355
0 230
0 182
1 356
0 230
0 182
1 357
0 229
0 181
1 358
0 229
0 180
1 359
0 229
0 180
1 359
0 229
0 180
1 359
0 229
0 179
1 360
0 229
0 179
1 362
0 227
0 179
1 362
0 227
0 178
1 363
0 227
0 178
1 364
0 226
0 178
1 365
0 225
0 178
1 365
0 225
0 177
1 367
0 224
0 177
1 367
0 224
0 177
1 368
0 223
0 176
1 370
0 222
0 176
1 370
0 222
0 176
1 370
0 222
0 176
1 370
0 222
0 176
1 371
0 221
0 175
1 372
0 221
0 176
1 372
0 220
0 175
1 373
0 220
0 175
1 372
0 221
0 175
1 373
0 220
0 175
1 373
0 220
0 175
1 373
0 220
0 175
1 373
0 220
0 175
1 372
0 1
1 1
0 219
0 175
1 372
0 1
1 1
0 219
0 175
1 374
0 219
0 175
1 374
0 219
0 175
1 374
0 219
0 176
1 373
0 219
0 175
1 374
0 219
0 175
1 374
0 219
0 175
1 374
0 219
0 176
1 374
0 218
0 176
1 374
0 218
0 176
1 373
0 219
0 176
1 374
0 218
0 176
1 374
0 218
0 176
1 374
0 218
0 176
1 375
0 217
0 177
1 374
0 217
0 177
1 373
0 218
0 177
1 373
0 218
0 178
1 373
0 217
0 177
1 374
0 217
0 179
1 372
0 217
0 179
1 372
0 217
0 179
1 372
0 217
0 179
1 372
0 217
0 179
1 372
0 217
0 180
1 371
0 217
0 180
1 371
0 217
0 181
1 370
0 217
0 181
1 369
0 218
0 181
1 370
0 217
0 181
1 370
0 217
0 182
1 369
0 217
0 182
1 369
0 217
0 182
1 369
0 217
0 182
1 369
0 217
0 183
1 368
0 217
0 183
1 368
0 217
0 183
1 367
0 218
0 183
1 367
0 218
0 184
1 366
0 218
0 184
1 366
0 218
0 184
1 366
0 218
0 185
1 365
0 218
0 185
1 365
0 218
0 185
1 364
0 219
0 186
1 363
0 219
0 186
1 362
0 220
0 186
1 362
0 220
0 187
1 361
0 220
0 187
1 360
0 221
0 187
1 361
0 220
0 188
1 359
0 221
0 188
1 358
0 222
0 189
1 357
0 222
0 189
1 357
0 222
0 189
1 357
0 222
0 190
1 355
0 223
0 190
1 355
0 223
0 191
1 353
0 224
0 191
1 353
0 224
0 192
1 352
0 224
0 192
1 351
0 225
0 193
1 350
0 225
0 193
1 349
0 226
0 194
1 348
0 226
0 194
1 347
0 227
0 195
1 346
0 227
0 196
1 344
0 228
0 196
1 344
0 228
0 197
1 342
0 229
0 197
1 341
0 230
0 198
1 340
0 230
0 199
1 338
0 231
0 200
1 337
0 231
0 200
1 336
0 232
0 201
1 334
0 233
0 202
1 333
0 233
0 203
1 331
0 234
0 203
1 331
0 234
0 205
1 328
0 235
0 205
1 327
0 236
0 206
1 326
0 236
0 207
1 324
0 237
0 208
1 322
0 238
0 209
1 320
0 239
0 210
1 318
0 240
0 211
1 316
0 241
0 212
1 315
0 241
0 213
1 313
0 242
0 214
1 311
0 243
0 215
1 309
0 244
0 217
1 306
0 245
0 218
1 304
0 246
0 219
1 302
0 247
0 221
1 298
0 249
0 222
1 296
0 250
0 224
1 293
0 251
0 226
1 290
0 252
0 227
1 287
0 254
0 230
1 283
0 255
0 232
1 280
0 256
0 234
1 276
0 258
0 237
1 272
0 259
0 239
1 268
0 261
0 242
1 263
0 263
0 245
1 258
0 265
0 247
1 254
0 267
0 249
1 250
0 269
0 252
1 244
0 272
0 255
1 238
0 275
0 259
1 232
0 277
0 263
1 224
0 281
0 269
1 215
0 284
0 275
1 205
0 288
0 282
1 194
0 292
0 288
1 184
0 296
0 293
1 175
0 300
0 300
1 162
0 306
0 307
1 148
0 313
0 314
1 134
0 320
0 322
1 117
0 329
0 336
1 92
0 340
0 355
1 54
0 359
0 768
0 279
1 3
0 486
0 279
1 2
0 487
0 768
0 768
0 768
0 241
1 1
0 526
0 768
0 417
1 1
0 350
0 416
1 3
0 349
0 416
1 5
0 347
0 417
1 4
0 347
0 768
0 768
0 302
1 2
0 93
1 1
0 370
0 768
0 768
0 768
0 768
0 768
0 768
0 768
0 768
0 768
0 768
0 768
0 768
0 768
0 768
0 768
0 768
0 768
0 768
0 768
0 768
0 768
0 768
0 768
0 768
0 768
0 768
0 768
0 768
0 768
0 768
0 768
0 768
