0 768
0 768
0 768
0 768
0 768
0 768
0 768
0 768
0 768
0 768
0 768
0 768
0 768
0 768
0 768
0 768
0 768
0 768
0 768
0 768
0 768
0 768
0 768
0 768
0 768
0 768
0 768
0 768
0 768
0 768
0 768
0 768
0 768
0 768
0 768
0 768
0 768
0 768
0 768
0 768
0 768
0 768
0 768
0 768
0 768
0 768
0 768
0 768
0 768
0 768
0 768
0 768
0 768
0 768
0 768
0 768
0 768
0 768
0 768
0 768
0 768
0 768
0 768
0 768
0 768
0 768
0 768
0 768
0 768
0 386
1 10
0 372
0 351
1 50
0 367
0 344
1 60
0 364
0 339
1 67
0 362
0 335
1 73
0 360
0 330
1 79
0 359
0 328
1 83
0 357
0 325
1 87
0 356
0 322
1 92
0 354
0 320
1 96
0 352
0 318
1 100
0 350
0 315
1 105
0 348
0 313
1 109
0 346
0 312
1 112
0 344
0 310
1 116
0 342
0 308
1 120
0 340
0 306
1 123
0 339
0 304
1 127
0 337
0 303
1 130
0 335
0 301
1 133
0 334
0 300
1 135
0 333
0 299
1 138
0 331
0 297
1 141
0 330
0 296
1 144
0 328
0 295
1 146
0 327
0 294
1 148
0 326
0 293
1 150
0 325
0 292
1 152
0 324
0 291
1 154
0 323
0 290
1 156
0 322
0 289
1 158
0 321
0 288
1 160
0 320
0 287
1 162
0 319
0 286
1 164
0 318
0 286
1 165
0 317
0 285
1 166
0 317
0 284
1 168
0 316
0 283
1 170
0 315
0 283
1 170
0 315
0 282
1 172
0 314
0 281
1 174
0 313
0 280
1 175
0 313
0 280
1 176
0 312
0 279
1 178
0 311
0 278
1 179
0 311
0 278
1 180
0 310
0 277
1 181
0 310
0 277
1 181
0 310
0 276
1 183
0 309
0 276
1 183
0 309
0 276
1 184
0 308
0 275
1 186
0 307
0 275
1 186
0 307
0 274
1 187
0 307
0 274
1 187
0 307
0 274
1 188
0 306
0 274
1 188
0 306
0 273
1 189
0 306
0 273
1 190
0 305
0 273
1 190
0 305
0 273
1 191
0 304
0 273
1 191
0 304
0 272
1 192
0 304
0 272
1 192
0 304
0 272
1 193
0 303
0 272
1 193
0 303
0 272
1 193
0 303
0 271
1 195
0 302
0 271
1 195
0 302
0 271
1 195
0 302
0 271
1 195
0 302
0 270
1 146
0 1
1 2
0 2
1 45
0 302
0 270
1 144
0 3
1 2
0 2
1 46
0 301
0 270
1 142
0 8
1 47
0 301
0 270
1 141
0 8
1 48
0 301
0 270
1 140
0 9
1 48
0 301
0 270
1 140
0 10
1 47
0 301
0 270
1 139
0 12
1 4
0 2
1 40
0 301
0 270
1 138
0 14
1 2
0 3
1 41
0 300
0 270
1 138
0 20
1 40
0 300
0 269
1 139
0 20
1 40
0 300
0 269
1 138
0 21
1 40
0 300
0 269
1 138
0 21
1 40
0 300
0 269
1 138
0 21
1 40
0 300
0 269
1 138
0 21
1 41
0 299
0 269
1 137
0 22
1 40
0 300
0 269
1 138
0 21
1 40
0 300
0 269
1 138
0 21
1 40
0 300
0 269
1 138
0 21
1 40
0 300
0 269
1 138
0 21
1 40
0 300
0 269
1 138
0 20
1 41
0 300
0 269
1 138
0 20
1 41
0 300
0 269
1 138
0 20
1 41
0 300
0 269
1 138
0 19
1 42
0 300
0 269
1 138
0 19
1 42
0 300
0 269
1 139
0 18
1 42
0 300
0 269
1 139
0 17
1 42
0 301
0 269
1 139
0 16
1 43
0 301
0 269
1 139
0 15
1 44
0 301
0 269
1 140
0 14
1 44
0 301
0 258
1 4
0 8
1 140
0 12
1 45
0 301
0 251
1 160
0 9
1 47
0 301
0 248
1 164
0 7
1 47
0 302
0 246
1 167
0 4
1 50
0 301
0 244
1 222
0 302
0 243
1 223
0 302
0 241
1 225
0 302
0 240
1 226
0 302
0 239
1 226
0 303
0 239
1 226
0 303
0 238
1 227
0 303
0 238
1 227
0 303
0 237
1 228
0 303
0 237
1 227
0 304
0 237
1 1
0 1
1 225
0 304
0 237
1 1
0 1
1 225
0 304
0 237
1 227
0 304
0 237
1 1
0 1
1 224
0 305
0 237
1 226
0 305
0 237
1 1
0 1
1 7
0 1
1 216
0 305
0 239
1 5
0 5
1 213
0 306
0 241
1 10
0 1
1 210
0 306
0 249
1 1
0 3
1 1
0 1
1 2
0 2
1 203
0 306
0 259
1 202
0 307
0 258
1 1
0 1
1 201
0 307
0 263
1 198
0 307
0 262
1 1
0 2
1 2
0 1
1 192
0 308
0 264
1 196
0 308
0 265
1 195
0 308
0 264
1 196
0 308
0 264
1 195
0 309
0 262
1 1
0 1
1 195
0 309
0 262
1 196
0 310
0 262
1 196
0 310
0 261
1 197
0 310
0 260
1 1
0 1
1 195
0 311
0 263
1 194
0 311
0 263
1 193
0 312
0 264
1 192
0 312
0 264
1 1
0 1
1 190
0 312
0 265
1 190
0 313
0 257
1 4
0 4
1 190
0 313
0 258
1 4
0 3
1 189
0 314
0 260
1 2
0 3
1 188
0 315
0 265
1 188
0 315
0 263
1 190
0 315
0 263
1 189
0 316
0 263
1 189
0 316
0 263
1 188
0 317
0 264
1 187
0 317
0 264
1 186
0 318
0 264
1 185
0 319
0 263
1 186
0 319
0 263
1 185
0 320
0 262
1 186
0 320
0 260
1 187
0 321
0 259
1 188
0 321
0 257
1 189
0 322
0 255
1 190
0 323
0 254
1 191
0 323
0 253
1 191
0 324
0 252
1 192
0 324
0 251
1 192
0 325
0 250
1 192
0 326
0 250
1 192
0 326
0 250
1 191
0 327
0 249
1 191
0 328
0 249
1 190
0 329
0 249
1 190
0 329
0 249
1 189
0 330
0 249
1 188
0 331
0 250
1 187
0 331
0 250
1 186
0 75
1 4
0 253
0 251
1 185
0 69
1 16
0 247
0 252
1 183
0 67
1 22
0 244
0 252
1 183
0 65
1 27
0 241
0 254
1 180
0 64
1 31
0 239
0 255
1 179
0 62
1 35
0 237
0 257
1 176
0 62
1 38
0 235
0 260
1 173
0 61
1 41
0 233
0 261
1 171
0 61
1 43
0 232
0 263
1 168
0 60
1 47
0 230
0 265
1 166
0 60
1 48
0 229
0 270
1 17
0 2
1 1
0 3
1 138
0 58
1 52
0 227
0 290
1 1
0 1
1 1
0 2
1 135
0 59
1 53
0 226
0 290
1 5
0 2
1 132
0 59
1 55
0 225
0 290
1 139
0 58
1 57
0 224
0 291
1 137
0 58
1 59
0 223
0 291
1 137
0 57
1 61
0 222
0 291
1 136
0 58
1 62
0 221
0 292
1 135
0 57
1 64
0 220
0 292
1 135
0 56
1 66
0 219
0 292
1 134
0 56
1 68
0 218
0 293
1 133
0 56
1 69
0 217
0 293
1 132
0 56
1 71
0 216
0 293
1 132
0 55
1 72
0 216
0 294
1 130
0 55
1 74
0 215
0 294
1 130
0 55
1 75
0 214
0 294
1 130
0 54
1 77
0 213
0 294
1 153
0 30
1 78
0 213
0 295
1 161
0 21
1 79
0 212
0 295
1 167
0 14
1 81
0 211
0 295
1 172
0 8
1 82
0 211
0 295
1 176
0 3
1 84
0 210
0 295
1 263
0 210
0 296
1 263
0 209
0 296
1 263
0 209
0 296
1 263
0 209
0 296
1 264
0 208
0 296
1 265
0 207
0 296
1 265
0 207
0 296
1 265
0 207
0 296
1 266
0 206
0 296
1 266
0 206
0 296
1 267
0 205
0 296
1 267
0 205
0 296
1 267
0 205
0 296
1 268
0 204
0 295
1 269
0 204
0 295
1 269
0 204
0 295
1 270
0 203
0 295
1 270
0 203
0 295
1 270
0 203
0 295
1 270
0 203
0 294
1 272
0 202
0 294
1 272
0 202
0 294
1 272
0 202
0 294
1 273
0 201
0 293
1 273
0 202
0 293
1 274
0 201
0 292
1 275
0 201
0 292
1 275
0 201
0 291
1 276
0 201
0 291
1 276
0 201
0 290
1 278
0 200
0 289
1 278
0 201
0 288
1 280
0 200
0 287
1 281
0 200
0 286
1 283
0 199
0 286
1 282
0 200
0 285
1 283
0 200
0 284
1 285
0 199
0 282
1 287
0 199
0 281
1 288
0 199
0 280
1 290
0 198
0 279
1 290
0 199
0 278
1 292
0 198
0 277
1 293
0 198
0 275
1 296
0 197
0 274
1 297
0 197
0 273
1 298
0 197
0 272
1 300
0 196
0 270
1 302
0 196
0 269
1 304
0 195
0 267
1 306
0 195
0 265
1 308
0 195
0 263
1 311
0 194
0 262
1 312
0 194
0 260
1 315
0 193
0 258
1 317
0 193
0 257
1 318
0 193
0 255
1 321
0 192
0 253
1 323
0 192
0 252
1 325
0 191
0 250
1 327
0 191
0 249
1 328
0 191
0 247
1 331
0 190
0 246
1 332
0 190
0 244
1 335
0 189
0 243
1 336
0 189
0 242
1 337
0 189
0 240
1 339
0 189
0 239
1 341
0 188
0 238
1 342
0 188
0 237
1 344
0 187
0 236
1 345
0 187
0 235
1 346
0 187
0 234
1 347
0 187
0 233
1 349
0 186
0 232
1 350
0 186
0 231
1 351
0 186
0 231
1 352
0 185
0 230
1 353
0 185
0 229
1 354
0 185
0 228
1 356
0 184
0 228
1 356
0 184
0 227
1 357
0 184
0 226
1 358
0 184
0 226
1 358
0 184
0 225
1 360
0 183
0 224
1 361
0 183
0 223
1 362
0 183
0 222
1 364
0 182
0 221
1 365
0 182
0 220
1 366
0 182
0 219
1 368
0 181
0 219
1 368
0 181
0 218
1 369
0 181
0 217
1 370
0 181
0 216
1 372
0 180
0 216
1 372
0 180
0 215
1 373
0 180
0 214
1 375
0 179
0 214
1 375
0 179
0 213
1 376
0 179
0 212
1 377
0 179
0 212
1 378
0 178
0 211
1 379
0 178
0 211
1 379
0 178
0 210
1 380
0 178
0 209
1 381
0 178
0 209
1 381
0 178
0 209
1 382
0 177
0 208
1 383
0 177
0 208
1 383
0 177
0 207
1 384
0 177
0 207
1 384
0 177
0 206
1 385
0 177
0 206
1 385
0 177
0 205
1 387
0 176
0 205
1 387
0 176
0 205
1 387
0 176
0 204
1 388
0 176
0 205
1 387
0 176
0 204
1 388
0 176
0 203
1 389
0 176
0 203
1 389
0 176
0 203
1 389
0 176
0 203
1 389
0 176
0 202
1 390
0 176
0 202
1 390
0 176
0 202
1 390
0 176
0 202
1 390
0 176
0 202
1 390
0 176
0 201
1 391
0 176
0 201
1 391
0 176
0 201
1 391
0 176
0 201
1 391
0 176
0 201
1 391
0 176
0 200
1 392
0 176
0 200
1 392
0 176
0 200
1 392
0 176
0 200
1 392
0 176
0 200
1 392
0 176
0 200
1 391
0 177
0 200
1 391
0 177
0 200
1 391
0 177
0 200
1 391
0 177
0 200
1 391
0 177
0 200
1 391
0 177
0 200
1 390
0 178
0 200
1 390
0 178
0 200
1 390
0 178
0 200
1 390
0 178
0 200
1 389
0 179
0 199
1 390
0 179
0 199
1 390
0 179
0 199
1 390
0 179
0 199
1 389
0 180
0 199
1 389
0 180
0 200
1 388
0 180
0 200
1 387
0 181
0 200
1 387
0 181
0 200
1 387
0 181
0 200
1 386
0 182
0 200
1 386
0 182
0 200
1 385
0 183
0 201
1 384
0 183
0 201
1 384
0 183
0 201
1 383
0 184
0 201
1 383
0 184
0 201
1 382
0 185
0 202
1 381
0 185
0 203
1 379
0 186
0 203
1 379
0 186
0 204
1 377
0 187
0 206
1 375
0 187
0 206
1 374
0 188
0 205
1 375
0 188
0 206
1 373
0 189
0 206
1 373
0 189
0 206
1 373
0 189
0 206
1 372
0 190
0 207
1 371
0 190
0 207
1 370
0 191
0 207
1 370
0 191
0 208
1 368
0 192
0 208
1 368
0 192
0 209
1 366
0 193
0 209
1 365
0 194
0 210
1 364
0 194
0 210
1 363
0 195
0 210
1 363
0 195
0 211
1 361
0 196
0 211
1 360
0 197
0 212
1 359
0 197
0 212
1 358
0 198
0 213
1 356
0 199
0 213
1 356
0 199
0 214
1 354
0 200
0 214
1 353
0 201
0 215
1 351
0 202
0 216
1 349
0 203
0 216
1 349
0 203
0 217
1 347
0 204
0 217
1 346
0 205
0 218
1 344
0 206
0 219
1 342
0 207
0 219
1 341
0 208
0 220
1 339
0 209
0 221
1 337
0 210
0 221
1 336
0 211
0 222
1 334
0 212
0 223
1 332
0 213
0 223
1 331
0 214
0 224
1 329
0 215
0 225
1 327
0 216
0 226
1 324
0 218
0 227
1 322
0 219
0 229
1 319
0 220
0 229
1 317
0 222
0 230
1 315
0 223
0 232
1 312
0 224
0 232
1 311
0 225
0 233
1 308
0 227
0 234
1 306
0 228
0 236
1 303
0 229
0 237
1 300
0 231
0 238
1 297
0 233
0 239
1 294
0 235
0 241
1 291
0 236
0 242
1 288
0 238
0 244
1 284
0 240
0 245
1 281
0 242
0 247
1 278
0 243
0 249
1 274
0 245
0 250
1 271
0 247
0 252
1 266
0 250
0 254
1 262
0 252
0 256
1 258
0 254
0 257
1 254
0 257
0 259
1 249
0 260
0 261
1 244
0 263
0 263
1 239
0 266
0 266
1 232
0 270
0 268
1 227
0 273
0 270
1 221
0 277
0 273
1 214
0 281
0 277
1 205
0 286
0 280
1 198
0 290
0 284
1 188
0 296
0 289
1 178
0 301
0 296
1 164
0 308
0 301
1 152
0 315
0 309
1 137
0 322
0 319
1 116
0 333
0 334
1 90
0 344
0 359
1 51
0 358
0 768
0 768
0 768
0 768
0 768
0 768
0 768
0 768
0 455
1 1
0 312
0 768
0 768
0 768
0 768
0 768
0 768
0 768
0 768
0 768
0 768
0 768
0 768
0 768
0 768
0 768
0 768
0 312
1 1
0 455
0 312
1 1
0 455
0 768
0 768
0 768
0 768
0 768
0 768
0 768
0 768
0 768
0 768
0 768
0 768
0 768
0 768
0 768
0 768
0 768
0 768
0 768
0 768
0 768
0 768
