0 768
0 768
0 768
0 768
0 768
0 768
0 768
0 768
0 768
0 768
0 768
0 768
0 768
0 768
0 768
0 768
0 768
0 768
0 768
0 768
0 768
0 768
0 768
0 768
0 768
0 768
0 768
0 768
0 768
0 768
0 768
0 768
0 768
0 768
0 768
0 768
0 768
0 768
0 768
0 768
0 768
0 768
0 768
0 768
0 768
0 768
0 768
0 768
0 768
0 768
0 768
0 768
0 768
0 768
0 768
0 768
0 768
0 768
0 768
0 768
0 768
0 768
0 768
0 768
0 768
0 768
0 768
0 768
0 768
0 768
0 768
0 768
0 768
0 768
0 768
0 768
0 768
0 768
0 768
0 768
0 768
0 768
0 768
0 768
0 768
0 768
0 768
0 768
0 768
0 768
0 768
0 768
0 768
0 768
0 768
0 768
0 768
0 768
0 768
0 768
0 768
0 768
0 768
0 768
0 768
0 768
0 768
0 768
0 768
0 768
0 768
0 768
0 768
0 768
0 768
0 768
0 768
0 768
0 768
0 768
0 768
0 768
0 768
0 350
1 21
0 397
0 324
1 71
0 373
0 309
1 99
0 360
0 299
1 118
0 351
0 291
1 134
0 343
0 284
1 148
0 336
0 278
1 160
0 330
0 273
1 170
0 325
0 269
1 179
0 320
0 264
1 188
0 316
0 261
1 194
0 313
0 257
1 201
0 310
0 254
1 207
0 307
0 252
1 212
0 304
0 249
1 219
0 300
0 247
1 222
0 299
0 245
1 225
0 298
0 244
1 227
0 297
0 69
1 6
0 167
1 230
0 296
0 64
1 17
0 160
1 232
0 295
0 61
1 22
0 158
1 233
0 294
0 59
1 26
0 155
1 235
0 293
0 57
1 30
0 152
1 237
0 292
0 55
1 34
0 150
1 237
0 292
0 53
1 37
0 149
1 238
0 97
1 7
0 187
0 51
1 41
0 146
1 239
0 87
1 28
0 176
0 50
1 43
0 145
1 239
0 82
1 39
0 170
0 48
1 47
0 143
1 239
0 78
1 48
0 165
0 47
1 49
0 142
1 240
0 74
1 54
0 162
0 45
1 53
0 140
1 240
0 71
1 60
0 159
0 44
1 55
0 139
1 240
0 68
1 65
0 157
0 42
1 58
0 138
1 240
0 66
1 70
0 154
0 41
1 61
0 136
1 240
0 64
1 74
0 152
0 40
1 63
0 136
1 239
0 62
1 78
0 150
0 38
1 67
0 134
1 240
0 59
1 81
0 149
0 37
1 69
0 132
1 243
0 55
1 85
0 147
0 36
1 71
0 129
1 246
0 53
1 88
0 145
0 35
1 73
0 126
1 250
0 49
1 91
0 144
0 34
1 76
0 123
1 253
0 46
1 93
0 143
0 32
1 79
0 120
1 256
0 43
1 97
0 141
0 31
1 81
0 118
1 259
0 40
1 99
0 140
0 30
1 83
0 115
1 263
0 37
1 101
0 139
0 28
1 86
0 113
1 265
0 35
1 103
0 138
0 27
1 88
0 110
1 268
0 32
1 106
0 137
0 26
1 90
0 107
1 272
0 29
1 108
0 136
0 25
1 92
0 105
1 274
0 27
1 110
0 135
0 24
1 94
0 102
1 278
0 24
1 113
0 133
0 23
1 96
0 100
1 280
0 22
1 115
0 132
0 22
1 98
0 97
1 283
0 20
1 117
0 131
0 21
1 99
0 96
1 285
0 18
1 119
0 130
0 20
1 102
0 93
1 288
0 15
1 121
0 129
0 19
1 103
0 92
1 290
0 13
1 123
0 128
0 19
1 104
0 89
1 293
0 11
1 124
0 128
0 18
1 106
0 87
1 295
0 10
1 125
0 127
0 17
1 108
0 84
1 298
0 7
1 128
0 126
0 17
1 109
0 82
1 300
0 6
1 129
0 125
0 16
1 111
0 80
1 302
0 4
1 131
0 124
0 16
1 112
0 78
1 304
0 2
1 133
0 123
0 15
1 113
0 77
1 377
0 10
1 53
0 123
0 15
1 114
0 74
1 374
0 18
1 51
0 122
0 15
1 116
0 71
1 372
0 25
1 48
0 121
0 15
1 117
0 69
1 370
0 30
1 47
0 120
0 14
1 118
0 68
1 369
0 34
1 45
0 120
0 14
1 119
0 66
1 368
0 38
1 44
0 119
0 15
1 119
0 64
1 367
0 42
1 42
0 119
0 15
1 120
0 62
1 367
0 44
1 42
0 118
0 15
1 121
0 60
1 366
0 47
1 42
0 117
0 16
1 120
0 59
1 366
0 50
1 40
0 117
0 17
1 120
0 57
1 365
0 53
1 40
0 116
0 17
1 1
0 1
1 119
0 55
1 365
0 55
1 39
0 116
0 19
1 119
0 54
1 365
0 57
1 39
0 115
0 20
1 119
0 52
1 365
0 58
1 39
0 115
0 23
1 117
0 50
1 365
0 60
1 39
0 114
0 26
1 114
0 49
1 364
0 63
1 38
0 114
0 29
1 112
0 47
1 364
0 64
1 38
0 114
0 31
1 1
0 1
1 108
0 47
1 363
0 66
1 38
0 113
0 35
1 107
0 45
1 363
0 67
1 38
0 113
0 37
1 105
0 44
1 363
0 69
1 38
0 112
0 41
1 102
0 42
1 363
0 70
1 38
0 112
0 43
1 101
0 40
1 363
0 72
1 37
0 112
0 45
1 99
0 39
1 363
0 73
1 38
0 111
0 45
1 1
0 1
1 98
0 38
1 363
0 73
1 38
0 111
0 46
1 99
0 37
1 363
0 75
1 37
0 111
0 48
1 98
0 35
1 363
0 76
1 38
0 110
0 49
1 97
0 34
1 363
0 77
1 38
0 110
0 50
1 97
0 32
1 363
0 79
1 37
0 110
0 52
1 95
0 31
1 364
0 79
1 1
0 1
1 36
0 109
0 53
1 95
0 30
1 363
0 80
1 38
0 109
0 54
1 94
0 29
1 363
0 82
1 37
0 109
0 56
1 93
0 28
1 363
0 81
1 38
0 109
0 57
1 92
0 26
1 366
0 81
1 38
0 108
0 58
1 92
0 25
1 367
0 80
1 38
0 108
0 59
1 91
0 24
1 368
0 80
1 38
0 108
0 60
1 90
0 23
1 370
0 79
1 38
0 108
0 61
1 90
0 22
1 371
0 79
1 37
0 108
0 62
1 89
0 21
1 373
0 78
1 38
0 107
0 63
1 89
0 19
1 374
0 78
1 38
0 107
0 64
1 89
0 18
1 375
0 78
1 37
0 107
0 65
1 88
0 17
1 376
0 78
1 37
0 107
0 66
1 87
0 1
1 1
0 15
1 377
0 77
1 37
0 107
0 66
1 87
0 1
1 1
0 14
1 378
0 77
1 38
0 106
0 67
1 87
0 14
1 380
0 76
1 38
0 106
0 69
1 85
0 1
1 1
0 12
1 381
0 75
1 38
0 106
0 69
1 87
0 11
1 382
0 76
1 37
0 106
0 70
1 85
0 1
1 1
0 9
1 384
0 75
1 37
0 106
0 71
1 86
0 9
1 385
0 74
1 37
0 106
0 71
1 87
0 7
1 386
0 73
1 38
0 106
0 72
1 86
0 7
1 387
0 74
1 36
0 106
0 73
1 85
0 6
1 388
0 73
1 37
0 106
0 73
1 86
0 5
1 389
0 72
1 38
0 105
0 73
1 86
0 4
1 390
0 72
1 38
0 105
0 74
1 85
0 4
1 391
0 71
1 38
0 105
0 75
1 85
0 2
1 393
0 70
1 38
0 105
0 75
1 85
0 2
1 393
0 70
1 38
0 105
0 76
1 82
0 1
1 396
0 70
1 38
0 105
0 76
1 480
0 69
1 38
0 105
0 77
1 479
0 69
1 38
0 105
0 77
1 480
0 68
1 38
0 105
0 78
1 479
0 68
1 38
0 105
0 78
1 480
0 67
1 38
0 105
0 78
1 480
0 67
1 38
0 105
0 79
1 479
0 67
1 38
0 105
0 79
1 480
0 66
1 38
0 105
0 80
1 479
0 66
1 38
0 105
0 80
1 480
0 65
1 38
0 105
0 80
1 480
0 65
1 38
0 105
0 81
1 479
0 65
1 38
0 105
0 81
1 480
0 64
1 38
0 105
0 81
1 480
0 64
1 38
0 105
0 82
1 480
0 63
1 38
0 105
0 82
1 480
0 62
1 39
0 105
0 82
1 480
0 62
1 39
0 105
0 82
1 481
0 61
1 39
0 105
0 83
1 480
0 61
1 39
0 105
0 83
1 480
0 61
1 39
0 105
0 83
1 480
0 61
1 39
0 105
0 83
1 481
0 60
1 39
0 105
0 84
1 480
0 59
1 40
0 105
0 84
1 480
0 59
1 40
0 105
0 84
1 481
0 58
1 40
0 105
0 84
1 481
0 58
1 40
0 105
0 84
1 481
0 58
1 39
0 106
0 84
1 482
0 56
1 40
0 106
0 85
1 481
0 56
1 40
0 106
0 85
1 481
0 56
1 40
0 106
0 85
1 481
0 56
1 40
0 106
0 85
1 482
0 55
1 40
0 106
0 85
1 482
0 54
1 41
0 106
0 85
1 482
0 54
1 41
0 106
0 85
1 482
0 54
1 41
0 106
0 85
1 482
0 54
1 40
0 107
0 85
1 483
0 52
1 41
0 107
0 85
1 483
0 52
1 41
0 107
0 86
1 482
0 52
1 41
0 107
0 86
1 482
0 51
1 42
0 107
0 86
1 483
0 50
1 42
0 107
0 86
1 483
0 50
1 41
0 108
0 86
1 483
0 50
1 41
0 108
0 86
1 483
0 49
1 42
0 108
0 86
1 483
0 49
1 42
0 108
0 86
1 483
0 49
1 42
0 108
0 86
1 483
0 48
1 42
0 109
0 86
1 484
0 47
1 42
0 109
0 86
1 484
0 46
1 43
0 109
0 86
1 484
0 46
1 43
0 109
0 86
1 484
0 46
1 42
0 110
0 86
1 484
0 45
1 43
0 110
0 86
1 484
0 45
1 43
0 110
0 86
1 485
0 43
1 44
0 110
0 86
1 485
0 43
1 43
0 111
0 86
1 485
0 43
1 43
0 111
0 86
1 485
0 42
1 44
0 111
0 86
1 485
0 42
1 43
0 112
0 86
1 485
0 41
1 44
0 112
0 86
1 485
0 41
1 44
0 112
0 86
1 485
0 40
1 44
0 113
0 86
1 485
0 40
1 44
0 113
0 87
1 484
0 39
1 45
0 113
0 87
1 484
0 39
1 44
0 114
0 87
1 484
0 38
1 45
0 114
0 87
1 485
0 36
1 46
0 114
0 87
1 485
0 36
1 45
0 115
0 87
1 484
0 36
1 46
0 115
0 87
1 485
0 35
1 45
0 116
0 87
1 484
0 35
1 46
0 116
0 87
1 485
0 34
1 46
0 116
0 87
1 485
0 33
1 46
0 117
0 88
1 484
0 33
1 45
0 118
0 88
1 484
0 32
1 46
0 118
0 88
1 484
0 31
1 47
0 118
0 88
1 484
0 31
1 46
0 119
0 88
1 484
0 30
1 47
0 119
0 88
1 484
0 29
1 47
0 120
0 88
1 484
0 29
1 47
0 120
0 88
1 484
0 28
1 47
0 121
0 89
1 483
0 27
1 48
0 121
0 89
1 482
0 27
1 48
0 122
0 89
1 483
0 26
1 48
0 122
0 89
1 482
0 26
1 48
0 123
0 89
1 482
0 25
1 49
0 123
0 89
1 482
0 24
1 49
0 124
0 90
1 481
0 24
1 49
0 124
0 90
1 481
0 23
1 49
0 125
0 90
1 481
0 22
1 50
0 125
0 90
1 481
0 21
1 50
0 126
0 91
1 480
0 20
1 51
0 126
0 91
1 480
0 19
1 51
0 127
0 91
1 480
0 19
1 51
0 127
0 91
1 480
0 18
1 51
0 128
0 92
1 480
0 16
1 51
0 129
0 92
1 479
0 16
1 52
0 129
0 92
1 479
0 15
1 52
0 130
0 92
1 478
0 15
1 53
0 130
0 93
1 477
0 14
1 53
0 131
0 93
1 477
0 13
1 53
0 132
0 93
1 477
0 12
1 54
0 132
0 93
1 477
0 10
1 55
0 133
0 94
1 476
0 9
1 55
0 134
0 94
1 476
0 8
1 55
0 135
0 94
1 476
0 7
1 56
0 135
0 95
1 475
0 6
1 56
0 136
0 95
1 475
0 5
1 56
0 137
0 95
1 474
0 4
1 57
0 138
0 96
1 473
0 4
1 57
0 138
0 97
1 472
0 1
1 59
0 139
0 97
1 472
0 1
1 58
0 140
0 97
1 530
0 141
0 98
1 528
0 142
0 98
1 528
0 142
0 99
1 526
0 143
0 99
1 525
0 144
0 99
1 524
0 145
0 100
1 522
0 146
0 100
1 521
0 147
0 100
1 520
0 148
0 101
1 518
0 149
0 102
1 516
0 150
0 102
1 515
0 151
0 102
1 514
0 152
0 103
1 512
0 153
0 103
1 511
0 154
0 104
1 509
0 155
0 104
1 508
0 156
0 105
1 506
0 157
0 105
1 505
0 158
0 106
1 503
0 159
0 106
1 501
0 161
0 107
1 500
0 161
0 107
1 498
0 163
0 108
1 496
0 164
0 108
1 495
0 165
0 109
1 492
0 167
0 110
1 490
0 168
0 110
1 489
0 169
0 111
1 486
0 171
0 111
1 485
0 172
0 112
1 482
0 174
0 113
1 480
0 175
0 114
1 477
0 177
0 114
1 476
0 178
0 115
1 474
0 179
0 115
1 472
0 181
0 116
1 469
0 183
0 117
1 467
0 184
0 118
1 464
0 186
0 119
1 461
0 188
0 120
1 459
0 189
0 120
1 457
0 191
0 121
1 454
0 193
0 122
1 451
0 195
0 122
1 449
0 197
0 123
1 446
0 199
0 124
1 443
0 201
0 125
1 440
0 203
0 126
1 436
0 206
0 127
1 433
0 208
0 128
1 430
0 210
0 129
1 427
0 212
0 130
1 423
0 215
0 131
1 420
0 217
0 131
1 419
0 218
0 132
1 418
0 218
0 134
1 415
0 219
0 135
1 414
0 219
0 136
1 412
0 220
0 137
1 411
0 220
0 138
1 409
0 221
0 139
1 407
0 222
0 140
1 406
0 222
0 142
1 403
0 223
0 143
1 402
0 223
0 144
1 400
0 224
0 145
1 399
0 224
0 147
1 396
0 225
0 148
1 394
0 226
0 149
1 393
0 226
0 150
1 391
0 227
0 152
1 389
0 227
0 153
1 387
0 228
0 154
1 385
0 229
0 156
1 383
0 229
0 157
1 381
0 230
0 159
1 378
0 231
0 160
1 377
0 231
0 162
1 374
0 232
0 163
1 372
0 233
0 166
1 369
0 233
0 166
1 368
0 234
0 168
1 365
0 235
0 170
1 362
0 236
0 173
1 359
0 236
0 174
1 357
0 237
0 175
1 355
0 238
0 177
1 352
0 239
0 179
1 349
0 240
0 182
1 345
0 241
0 183
1 343
0 242
0 185
1 340
0 243
0 188
1 336
0 244
0 190
1 333
0 245
0 192
1 331
0 245
0 195
1 327
0 246
0 189
1 3
0 3
1 326
0 247
0 189
1 331
0 248
0 190
1 329
0 249
0 191
1 327
0 250
0 192
1 325
0 251
0 193
1 323
0 252
0 194
1 321
0 253
0 195
1 319
0 254
0 196
1 317
0 255
0 197
1 315
0 256
0 198
1 313
0 257
0 199
1 311
0 258
0 200
1 308
0 260
0 202
1 306
0 260
0 203
1 303
0 262
0 204
1 301
0 263
0 206
1 298
0 264
0 207
1 296
0 265
0 208
1 294
0 266
0 210
1 291
0 267
0 212
1 287
0 269
0 213
1 286
0 269
0 215
1 282
0 271
0 216
1 280
0 272
0 218
1 277
0 273
0 220
1 273
0 275
0 221
1 271
0 276
0 223
1 268
0 277
0 225
1 264
0 279
0 226
1 262
0 280
0 228
1 258
0 282
0 230
1 255
0 283
0 232
1 252
0 284
0 234
1 247
0 287
0 236
1 244
0 288
0 239
1 239
0 290
0 240
1 235
0 293
0 242
1 232
0 294
0 245
1 228
0 295
0 247
1 224
0 297
0 238
1 5
0 8
1 218
0 299
0 238
1 8
0 9
1 212
0 3
1 3
0 295
0 238
1 11
0 10
1 1
0 1
1 205
0 1
1 6
0 295
0 238
1 14
0 9
1 213
0 294
0 238
1 18
0 9
1 208
0 295
0 239
1 22
0 10
1 2
0 1
1 199
0 295
0 239
1 28
0 1
1 5
0 3
1 1
0 1
1 44
0 1
1 150
0 295
0 239
1 37
0 1
1 3
0 4
1 189
0 295
0 239
1 42
0 2
1 37
0 3
1 4
0 9
1 137
0 295
0 240
1 49
0 8
1 12
0 1
1 4
0 8
1 1
0 2
1 3
0 4
1 1
0 1
1 1
0 3
1 135
0 295
0 240
1 53
0 4
1 5
0 6
1 1
0 1
1 3
0 5
1 4
0 22
1 2
0 1
1 125
0 296
0 241
1 61
0 1
1 2
0 7
1 1
0 1
1 4
0 3
1 1
0 14
1 1
0 3
1 3
0 3
1 126
0 296
0 242
1 72
0 4
1 1
0 8
1 1
0 13
1 1
0 2
1 128
0 296
0 243
1 83
0 2
1 1
0 1
1 2
0 6
1 1
0 1
1 4
0 1
1 126
0 297
0 244
1 94
0 1
1 131
0 298
0 245
1 224
0 299
0 245
1 223
0 300
0 246
1 221
0 301
0 248
1 218
0 302
0 250
1 215
0 303
0 252
1 211
0 305
0 254
1 207
0 307
0 257
1 202
0 309
0 259
1 197
0 312
0 262
1 192
0 314
0 266
1 184
0 318
0 270
1 178
0 320
0 275
1 169
0 324
0 280
1 160
0 328
0 284
1 149
0 335
0 291
1 136
0 341
0 297
1 124
0 54
1 1
0 292
0 307
1 105
0 356
0 319
1 82
0 367
0 338
1 44
0 64
1 1
0 321
0 374
1 2
0 71
1 1
0 50
1 1
0 269
0 412
1 3
0 59
1 2
0 21
1 1
0 270
0 390
1 1
0 21
1 3
0 2
1 1
0 350
0 385
1 2
0 1
1 1
0 33
1 1
0 10
1 3
0 332
0 230
1 1
0 36
1 1
0 48
1 2
0 67
1 2
0 24
1 1
0 356
0 229
1 2
0 35
1 2
0 49
1 1
0 450
0 317
1 1
0 450
0 768
0 768
0 768
0 768
0 768
0 768
0 768
0 768
0 768
0 768
0 768
0 768
0 768
0 768
0 768
0 768
0 768
0 768
0 768
0 768
0 768
0 768
0 768
0 768
0 768
0 768
0 768
0 768
0 768
0 236
1 1
0 531
0 768
0 768
0 768
0 768
0 768
0 768
0 768
0 768
0 768
0 768
0 768
0 768
0 353
1 1
0 414
0 768
0 768
0 768
0 768
0 768
0 768
