0 768
0 768
0 768
0 768
0 768
0 768
0 768
0 768
0 768
0 768
0 768
0 768
0 768
0 768
0 768
0 768
0 768
0 768
0 768
0 768
0 768
0 768
0 768
0 768
0 768
0 768
0 768
0 768
0 768
0 768
0 768
0 768
0 768
0 768
0 768
0 768
0 768
0 768
0 768
0 768
0 768
0 768
0 768
0 768
0 768
0 768
0 768
0 768
0 768
0 768
0 768
0 768
0 768
0 768
0 768
0 768
0 768
0 768
0 768
0 768
0 768
0 768
0 768
0 768
0 768
0 768
0 768
0 768
0 768
0 768
0 768
0 768
0 768
0 768
0 768
0 768
0 768
0 768
0 768
0 768
0 768
0 768
0 768
0 768
0 768
0 768
0 768
0 768
0 768
0 768
0 768
0 768
0 768
0 768
0 768
0 768
0 768
0 768
0 768
0 768
0 768
0 768
0 768
0 768
0 768
0 768
0 768
0 768
0 768
0 768
0 768
0 768
0 768
0 768
0 768
0 768
0 768
0 768
0 768
0 768
0 768
0 768
0 768
0 768
0 768
0 768
0 768
0 252
1 8
0 89
1 35
0 384
0 247
1 18
0 71
1 74
0 1
1 1
0 356
0 242
1 33
0 41
1 107
0 345
0 238
1 41
0 26
1 127
0 336
0 235
1 47
0 15
1 142
0 329
0 232
1 53
0 6
1 155
0 322
0 230
1 221
0 317
0 228
1 228
0 312
0 226
1 235
0 307
0 225
1 240
0 303
0 224
1 245
0 299
0 222
1 250
0 296
0 221
1 254
0 293
0 220
1 258
0 290
0 219
1 262
0 287
0 218
1 265
0 285
0 217
1 268
0 283
0 216
1 270
0 282
0 216
1 272
0 280
0 215
1 274
0 279
0 214
1 276
0 278
0 213
1 278
0 277
0 213
1 278
0 277
0 212
1 280
0 276
0 212
1 280
0 276
0 211
1 281
0 276
0 210
1 282
0 276
0 210
1 283
0 275
0 210
1 283
0 275
0 209
1 284
0 275
0 208
1 285
0 275
0 208
1 285
0 275
0 208
1 285
0 275
0 207
1 285
0 276
0 207
1 285
0 276
0 206
1 286
0 276
0 206
1 286
0 276
0 206
1 286
0 276
0 205
1 288
0 275
0 205
1 289
0 274
0 205
1 291
0 272
0 204
1 293
0 271
0 204
1 294
0 270
0 204
1 294
0 270
0 204
1 295
0 269
0 203
1 297
0 268
0 203
1 298
0 267
0 203
1 299
0 266
0 203
1 300
0 265
0 202
1 302
0 264
0 202
1 303
0 263
0 202
1 304
0 21
1 12
0 229
0 202
1 305
0 12
1 26
0 223
0 202
1 306
0 6
1 34
0 220
0 201
1 308
0 2
1 40
0 217
0 201
1 352
0 215
0 201
1 354
0 213
0 201
1 355
0 212
0 201
1 357
0 210
0 201
1 358
0 209
0 200
1 360
0 208
0 200
1 361
0 207
0 200
1 362
0 206
0 200
1 363
0 205
0 200
1 364
0 204
0 200
1 365
0 203
0 200
1 366
0 202
0 200
1 367
0 201
0 200
1 368
0 200
0 199
1 369
0 200
0 199
1 370
0 199
0 199
1 371
0 198
0 199
1 371
0 198
0 199
1 372
0 197
0 199
1 373
0 196
0 199
1 373
0 196
0 199
1 374
0 195
0 199
1 375
0 194
0 199
1 375
0 194
0 199
1 376
0 193
0 199
1 376
0 193
0 199
1 376
0 193
0 198
1 378
0 192
0 198
1 378
0 192
0 198
1 379
0 191
0 198
1 379
0 191
0 198
1 379
0 191
0 198
1 379
0 191
0 198
1 380
0 190
0 198
1 380
0 190
0 198
1 380
0 190
0 198
1 380
0 190
0 198
1 380
0 190
0 198
1 380
0 190
0 198
1 380
0 190
0 198
1 380
0 190
0 198
1 380
0 190
0 198
1 379
0 191
0 198
1 379
0 191
0 198
1 379
0 191
0 198
1 378
0 192
0 198
1 378
0 192
0 198
1 377
0 193
0 198
1 376
0 194
0 198
1 375
0 195
0 198
1 374
0 196
0 198
1 373
0 197
0 198
1 371
0 199
0 198
1 370
0 200
0 199
1 367
0 202
0 199
1 365
0 204
0 199
1 363
0 206
0 199
1 362
0 207
0 199
1 360
0 209
0 199
1 359
0 210
0 198
1 359
0 211
0 198
1 359
0 211
0 198
1 358
0 212
0 198
1 358
0 212
0 197
1 358
0 213
0 197
1 358
0 213
0 197
1 357
0 214
0 196
1 357
0 215
0 196
1 357
0 215
0 196
1 357
0 215
0 196
1 356
0 216
0 195
1 357
0 216
0 195
1 356
0 217
0 195
1 356
0 217
0 195
1 355
0 218
0 195
1 355
0 218
0 194
1 356
0 218
0 194
1 356
0 218
0 194
1 356
0 218
0 194
1 357
0 217
0 193
1 358
0 217
0 193
1 359
0 216
0 193
1 359
0 216
0 193
1 359
0 216
0 193
1 360
0 215
0 193
1 360
0 215
0 192
1 361
0 215
0 192
1 361
0 215
0 192
1 362
0 214
0 192
1 362
0 214
0 192
1 362
0 214
0 191
1 363
0 214
0 191
1 364
0 213
0 191
1 364
0 213
0 191
1 364
0 213
0 191
1 364
0 213
0 191
1 364
0 213
0 191
1 365
0 212
0 191
1 365
0 212
0 191
1 365
0 212
0 190
1 366
0 212
0 190
1 366
0 212
0 190
1 366
0 212
0 190
1 367
0 211
0 190
1 367
0 211
0 190
1 367
0 211
0 190
1 367
0 211
0 190
1 367
0 211
0 190
1 368
0 210
0 190
1 368
0 210
0 190
1 368
0 210
0 190
1 368
0 210
0 189
1 369
0 210
0 189
1 369
0 210
0 189
1 369
0 210
0 189
1 370
0 209
0 189
1 370
0 209
0 189
1 370
0 209
0 189
1 370
0 209
0 189
1 370
0 209
0 189
1 370
0 209
0 189
1 370
0 209
0 189
1 370
0 209
0 189
1 370
0 209
0 189
1 370
0 209
0 189
1 370
0 209
0 189
1 370
0 209
0 189
1 370
0 209
0 189
1 370
0 209
0 189
1 371
0 208
0 189
1 371
0 208
0 189
1 371
0 208
0 189
1 371
0 208
0 189
1 371
0 208
0 189
1 371
0 208
0 189
1 371
0 208
0 189
1 371
0 208
0 189
1 371
0 208
0 189
1 371
0 208
0 189
1 371
0 208
0 189
1 371
0 208
0 189
1 371
0 208
0 189
1 371
0 208
0 189
1 371
0 208
0 189
1 371
0 208
0 189
1 371
0 208
0 189
1 371
0 208
0 189
1 371
0 208
0 189
1 371
0 208
0 189
1 371
0 208
0 189
1 371
0 208
0 189
1 371
0 208
0 189
1 371
0 208
0 189
1 371
0 208
0 189
1 371
0 208
0 189
1 371
0 208
0 189
1 371
0 208
0 190
1 370
0 208
0 189
1 371
0 208
0 190
1 370
0 208
0 190
1 370
0 208
0 190
1 370
0 208
0 190
1 370
0 208
0 190
1 370
0 208
0 190
1 370
0 208
0 190
1 370
0 208
0 190
1 370
0 208
0 190
1 370
0 208
0 190
1 370
0 208
0 190
1 370
0 208
0 191
1 369
0 208
0 191
1 369
0 208
0 191
1 369
0 208
0 191
1 369
0 208
0 191
1 369
0 208
0 191
1 369
0 208
0 191
1 368
0 209
0 191
1 369
0 208
0 192
1 367
0 209
0 192
1 367
0 209
0 192
1 367
0 209
0 192
1 367
0 209
0 192
1 367
0 209
0 192
1 367
0 209
0 192
1 367
0 209
0 193
1 366
0 209
0 193
1 366
0 209
0 193
1 366
0 209
0 193
1 366
0 209
0 193
1 366
0 209
0 193
1 366
0 209
0 194
1 365
0 209
0 194
1 365
0 209
0 194
1 364
0 210
0 194
1 364
0 210
0 194
1 364
0 210
0 195
1 363
0 210
0 195
1 363
0 210
0 195
1 363
0 210
0 196
1 362
0 210
0 196
1 361
0 211
0 196
1 361
0 211
0 196
1 361
0 211
0 197
1 360
0 211
0 197
1 360
0 211
0 197
1 360
0 211
0 198
1 358
0 212
0 198
1 358
0 212
0 198
1 358
0 212
0 198
1 358
0 212
0 198
1 358
0 212
0 199
1 356
0 213
0 199
1 356
0 213
0 199
1 356
0 213
0 200
1 355
0 213
0 200
1 354
0 214
0 201
1 353
0 214
0 201
1 353
0 214
0 202
1 352
0 214
0 202
1 351
0 215
0 203
1 350
0 215
0 202
1 351
0 215
0 203
1 350
0 215
0 203
1 349
0 216
0 204
1 348
0 216
0 205
1 346
0 217
0 204
1 347
0 217
0 205
1 346
0 217
0 206
1 344
0 218
0 206
1 344
0 218
0 207
1 342
0 219
0 207
1 342
0 219
0 207
1 342
0 219
0 208
1 341
0 219
0 208
1 340
0 220
0 209
1 339
0 220
0 209
1 338
0 221
0 210
1 337
0 221
0 210
1 337
0 221
0 210
1 336
0 222
0 211
1 335
0 222
0 211
1 334
0 223
0 212
1 333
0 223
0 213
1 332
0 223
0 213
1 331
0 224
0 213
1 331
0 224
0 214
1 329
0 225
0 215
1 328
0 225
0 215
1 327
0 226
0 216
1 326
0 226
0 216
1 325
0 227
0 217
1 324
0 227
0 217
1 323
0 228
0 218
1 322
0 228
0 219
1 320
0 229
0 219
1 320
0 229
0 220
1 318
0 230
0 221
1 317
0 230
0 221
1 316
0 231
0 222
1 315
0 231
0 222
1 314
0 232
0 223
1 312
0 233
0 224
1 311
0 233
0 224
1 239
0 1
1 70
0 234
0 225
1 309
0 234
0 225
1 238
0 4
1 66
0 235
0 226
1 238
0 2
1 66
0 236
0 227
1 234
0 1
1 1
0 2
1 1
0 1
1 64
0 237
0 228
1 231
0 5
1 1
0 1
1 65
0 237
0 228
1 233
0 6
1 63
0 238
0 229
1 230
0 7
1 9
0 1
1 6
0 1
1 46
0 239
0 230
1 191
0 3
1 32
0 11
1 22
0 1
1 3
0 1
1 1
0 4
1 30
0 239
0 230
1 188
0 6
1 31
0 18
1 5
0 1
1 12
0 7
1 29
0 241
0 231
1 187
0 2
1 1
0 2
1 31
0 17
1 1
0 1
1 1
0 10
1 1
0 13
1 29
0 241
0 232
1 221
0 23
1 1
0 6
1 1
0 13
1 29
0 242
0 233
1 220
0 30
1 1
0 12
1 29
0 243
0 233
1 219
0 43
1 29
0 244
0 234
1 185
0 7
1 24
0 44
1 30
0 244
0 235
1 183
0 1
1 1
0 7
1 22
0 43
1 31
0 245
0 236
1 182
0 10
1 19
0 44
1 31
0 246
0 237
1 185
0 1
1 2
0 2
1 20
0 43
1 31
0 247
0 237
1 182
0 3
1 1
0 5
1 17
0 43
1 32
0 248
0 238
1 184
0 3
1 19
0 42
1 33
0 249
0 239
1 181
0 9
1 1
0 2
1 10
0 41
1 35
0 250
0 240
1 181
0 11
1 7
0 39
1 39
0 251
0 240
1 182
0 9
1 1
0 43
1 41
0 252
0 241
1 183
0 45
1 46
0 253
0 242
1 183
0 2
1 2
0 3
1 3
0 26
1 1
0 2
1 50
0 254
0 243
1 187
0 16
1 1
0 2
1 4
0 1
1 2
0 1
1 56
0 255
0 244
1 196
0 1
1 1
0 1
1 68
0 257
0 245
1 265
0 258
0 246
1 263
0 259
0 247
1 261
0 260
0 247
1 260
0 261
0 248
1 257
0 263
0 249
1 255
0 264
0 250
1 252
0 266
0 251
1 249
0 268
0 253
1 247
0 268
0 253
1 245
0 270
0 254
1 139
0 1
1 101
0 273
0 255
1 133
0 1
1 103
0 276
0 256
1 133
0 3
1 97
0 279
0 256
1 131
0 3
1 100
0 278
0 256
1 128
0 8
1 1
0 1
1 12
0 1
1 78
0 283
0 256
1 122
0 23
1 82
0 285
0 255
1 124
0 1
1 1
0 4
1 1
0 14
1 46
0 3
1 29
0 1
1 1
0 288
0 256
1 119
0 28
1 2
0 1
1 1
0 1
1 9
0 1
1 30
0 1
1 1
0 1
1 6
0 1
1 16
0 294
0 255
1 122
0 22
1 47
0 3
1 21
0 1
1 2
0 1
1 1
0 293
0 255
1 109
0 1
1 8
0 24
1 3
0 1
1 4
0 4
1 1
0 5
1 24
0 2
1 5
0 4
1 14
0 22
1 4
0 278
0 255
1 113
0 2
1 2
0 23
1 1
0 1
1 1
0 15
1 1
0 1
1 11
0 2
1 2
0 1
1 7
0 6
1 2
0 3
1 18
0 3
1 1
0 12
1 7
0 278
0 256
1 108
0 2
1 2
0 61
1 1
0 33
1 2
0 15
1 10
0 278
0 255
1 99
0 1
1 7
0 115
1 13
0 278
0 255
1 104
0 114
1 17
0 278
0 256
1 104
0 2
1 1
0 1
1 1
0 104
1 21
0 278
0 256
1 97
0 1
1 2
0 108
1 26
0 278
0 256
1 95
0 12
1 1
0 94
1 31
0 279
0 257
1 87
0 98
1 47
0 279
0 257
1 83
0 1
1 6
0 1
1 1
0 92
1 48
0 279
0 258
1 87
0 81
1 10
0 3
1 49
0 280
0 259
1 95
0 1
1 1
0 2
1 1
0 58
1 71
0 280
0 260
1 120
0 1
1 106
0 281
0 261
1 225
0 282
0 262
1 224
0 282
0 263
1 221
0 284
0 265
1 218
0 285
0 267
1 215
0 286
0 269
1 211
0 288
0 271
1 207
0 290
0 273
1 203
0 292
0 276
1 197
0 295
0 279
1 192
0 297
0 282
1 186
0 300
0 285
1 180
0 303
0 289
1 172
0 307
0 294
1 163
0 311
0 298
1 155
0 315
0 304
1 144
0 320
0 309
1 132
0 327
0 318
1 111
0 339
0 325
1 95
0 1
1 1
0 346
0 339
1 69
0 360
0 359
1 11
0 1
1 16
0 381
0 768
0 768
0 768
0 768
0 768
0 768
0 768
0 768
0 768
0 768
0 249
1 1
0 96
1 1
0 421
0 768
0 768
0 768
0 768
0 768
0 768
0 594
1 1
0 173
0 329
1 1
0 438
0 329
1 4
0 435
0 329
1 4
0 435
0 329
1 7
0 432
0 321
1 1
0 10
1 5
0 431
0 768
0 768
0 768
0 768
0 768
0 768
0 768
0 768
0 768
0 768
0 768
0 768
0 768
0 768
0 768
0 768
0 768
0 768
0 768
0 768
0 768
0 768
0 768
0 768
0 768
0 768
0 768
0 768
