0 768
0 768
0 768
0 768
0 768
0 768
0 768
0 768
0 768
0 768
0 768
0 768
0 768
0 768
0 768
0 768
0 768
0 768
0 768
0 768
0 768
0 768
0 768
0 768
0 768
0 768
0 768
0 768
0 768
0 768
0 768
0 768
0 768
0 768
0 768
0 768
0 768
0 768
0 768
0 768
0 768
0 768
0 768
0 768
0 768
0 768
0 768
0 768
0 768
0 768
0 768
0 768
0 768
0 768
0 768
0 768
0 768
0 768
0 768
0 768
0 768
0 768
0 768
0 768
0 768
0 768
0 768
0 768
0 768
0 768
0 768
0 768
0 768
0 768
0 768
0 768
0 768
0 768
0 768
0 768
0 768
0 768
0 768
0 768
0 768
0 768
0 768
0 768
0 768
0 768
0 768
0 768
0 768
0 768
0 768
0 768
0 768
0 768
0 768
0 768
0 768
0 768
0 768
0 620
1 9
0 139
0 617
1 20
0 131
0 615
1 25
0 128
0 614
1 29
0 125
0 613
1 33
0 122
0 612
1 36
0 120
0 610
1 40
0 118
0 609
1 43
0 116
0 608
1 46
0 114
0 607
1 49
0 112
0 606
1 52
0 110
0 605
1 54
0 109
0 604
1 57
0 107
0 603
1 59
0 106
0 602
1 62
0 104
0 601
1 64
0 103
0 600
1 67
0 101
0 599
1 69
0 100
0 598
1 71
0 99
0 598
1 73
0 97
0 597
1 75
0 96
0 596
1 78
0 94
0 359
1 47
0 189
1 80
0 93
0 342
1 81
0 171
1 82
0 92
0 330
1 105
0 158
1 84
0 91
0 322
1 122
0 148
1 86
0 90
0 316
1 136
0 140
1 87
0 89
0 310
1 149
0 132
1 90
0 87
0 304
1 161
0 125
1 92
0 86
0 300
1 170
0 119
1 94
0 85
0 297
1 178
0 113
1 96
0 84
0 292
1 196
0 99
1 97
0 84
0 290
1 200
0 96
1 99
0 83
0 287
1 206
0 93
1 100
0 82
0 285
1 211
0 89
1 101
0 82
0 283
1 216
0 85
1 103
0 81
0 281
1 220
0 82
1 104
0 81
0 280
1 223
0 79
1 105
0 81
0 279
1 226
0 77
1 105
0 81
0 278
1 229
0 74
1 106
0 81
0 277
1 231
0 72
1 107
0 81
0 276
1 234
0 70
1 106
0 82
0 275
1 236
0 68
1 106
0 83
0 275
1 237
0 66
1 107
0 83
0 275
1 237
0 66
1 105
0 85
0 274
1 239
0 64
1 105
0 86
0 274
1 239
0 63
1 104
0 88
0 274
1 240
0 62
1 103
0 89
0 274
1 239
0 62
1 102
0 91
0 274
1 240
0 60
1 102
0 92
0 274
1 240
0 60
1 101
0 93
0 274
1 240
0 59
1 101
0 94
0 274
1 240
0 58
1 100
0 96
0 274
1 240
0 58
1 99
0 97
0 274
1 240
0 57
1 99
0 98
0 274
1 240
0 57
1 98
0 99
0 273
1 240
0 57
1 98
0 100
0 271
1 242
0 57
1 97
0 101
0 270
1 244
0 55
1 97
0 102
0 269
1 247
0 53
1 96
0 103
0 267
1 251
0 50
1 96
0 104
0 266
1 253
0 48
1 96
0 105
0 265
1 256
0 46
1 95
0 106
0 263
1 260
0 43
1 95
0 107
0 262
1 263
0 41
1 94
0 108
0 261
1 265
0 39
1 94
0 109
0 259
1 268
0 38
1 93
0 110
0 258
1 271
0 36
1 93
0 110
0 257
1 273
0 34
1 93
0 111
0 255
1 277
0 31
1 93
0 112
0 254
1 279
0 30
1 92
0 113
0 253
1 282
0 28
1 92
0 113
0 252
1 284
0 26
1 92
0 114
0 250
1 287
0 25
1 91
0 115
0 249
1 289
0 23
1 92
0 115
0 248
1 292
0 21
1 91
0 116
0 247
1 294
0 19
1 92
0 116
0 246
1 296
0 18
1 91
0 117
0 245
1 298
0 16
1 91
0 118
0 188
1 24
0 31
1 301
0 15
1 91
0 118
0 180
1 37
0 25
1 304
0 13
1 90
0 119
0 176
1 44
0 21
1 306
0 11
1 90
0 120
0 172
1 51
0 17
1 308
0 10
1 90
0 120
0 169
1 56
0 14
1 310
0 9
1 89
0 121
0 166
1 61
0 11
1 312
0 7
1 90
0 121
0 164
1 66
0 7
1 314
0 6
1 89
0 122
0 161
1 72
0 3
1 316
0 4
1 90
0 122
0 159
1 395
0 2
1 89
0 123
0 157
1 488
0 123
0 156
1 488
0 124
0 154
1 490
0 124
0 153
1 490
0 125
0 151
1 492
0 125
0 150
1 492
0 126
0 149
1 493
0 126
0 147
1 495
0 126
0 146
1 495
0 127
0 145
1 496
0 127
0 144
1 496
0 128
0 143
1 497
0 128
0 142
1 498
0 128
0 141
1 498
0 129
0 140
1 499
0 129
0 139
1 500
0 129
0 138
1 500
0 130
0 137
1 501
0 130
0 136
1 502
0 130
0 135
1 502
0 131
0 135
1 502
0 131
0 134
1 503
0 131
0 133
1 504
0 131
0 132
1 504
0 132
0 131
1 505
0 132
0 130
1 70
0 9
1 427
0 132
0 130
1 67
0 14
1 425
0 132
0 129
1 65
0 18
1 423
0 133
0 129
1 63
0 20
1 423
0 133
0 128
1 63
0 20
1 424
0 133
0 127
1 63
0 20
1 425
0 133
0 127
1 61
0 22
1 425
0 133
0 126
1 61
0 22
1 425
0 134
0 126
1 60
0 23
1 425
0 134
0 125
1 58
0 1
1 1
0 23
1 426
0 134
0 124
1 58
0 25
1 427
0 134
0 124
1 57
0 26
1 427
0 134
0 123
1 57
0 1
1 1
0 25
1 426
0 135
0 123
1 56
0 27
1 427
0 135
0 122
1 56
0 27
1 428
0 135
0 122
1 55
0 28
1 428
0 135
0 122
1 55
0 27
1 429
0 135
0 121
1 55
0 28
1 429
0 135
0 121
1 54
0 28
1 430
0 135
0 120
1 55
0 28
1 430
0 135
0 120
1 54
0 28
1 430
0 136
0 120
1 53
0 29
1 430
0 136
0 119
1 54
0 28
1 431
0 136
0 119
1 53
0 29
1 431
0 136
0 118
1 53
0 29
1 432
0 136
0 118
1 53
0 29
1 432
0 136
0 118
1 52
0 29
1 433
0 136
0 117
1 53
0 29
1 433
0 136
0 117
1 52
0 30
1 433
0 136
0 117
1 52
0 29
1 434
0 136
0 116
1 53
0 29
1 434
0 136
0 116
1 52
0 29
1 435
0 136
0 116
1 52
0 29
1 435
0 136
0 116
1 51
0 30
1 434
0 137
0 115
1 52
0 29
1 435
0 137
0 115
1 51
0 30
1 435
0 137
0 115
1 51
0 30
1 435
0 137
0 115
1 51
0 29
1 436
0 137
0 114
1 52
0 29
1 436
0 137
0 114
1 51
0 30
1 436
0 137
0 114
1 51
0 29
1 437
0 137
0 114
1 51
0 29
1 437
0 137
0 114
1 50
0 29
1 438
0 137
0 113
1 51
0 29
1 438
0 137
0 113
1 51
0 29
1 438
0 137
0 113
1 50
0 30
1 438
0 137
0 113
1 50
0 29
1 438
0 138
0 113
1 50
0 29
1 438
0 138
0 112
1 51
0 29
1 438
0 138
0 112
1 50
0 29
1 439
0 138
0 112
1 50
0 29
1 439
0 138
0 112
1 50
0 29
1 439
0 138
0 112
1 50
0 29
1 439
0 138
0 112
1 48
0 1
1 1
0 28
1 440
0 138
0 112
1 48
0 30
1 440
0 138
0 112
1 49
0 29
1 440
0 138
0 111
1 50
0 29
1 440
0 138
0 111
1 48
0 1
1 1
0 28
1 440
0 139
0 111
1 48
0 1
1 1
0 28
1 440
0 139
0 111
1 48
0 1
1 1
0 28
1 440
0 139
0 111
1 48
0 30
1 440
0 139
0 111
1 48
0 29
1 441
0 139
0 111
1 48
0 29
1 441
0 139
0 111
1 47
0 1
1 1
0 28
1 441
0 139
0 111
1 47
0 1
1 1
0 28
1 441
0 139
0 111
1 47
0 1
1 1
0 28
1 440
0 140
0 111
1 47
0 1
1 1
0 27
1 441
0 140
0 111
1 47
0 29
1 441
0 140
0 111
1 47
0 1
1 1
0 27
1 441
0 140
0 110
1 48
0 29
1 441
0 140
0 110
1 48
0 29
1 441
0 140
0 110
1 48
0 28
1 441
0 141
0 110
1 48
0 28
1 441
0 141
0 110
1 47
0 1
1 1
0 27
1 441
0 141
0 110
1 47
0 1
1 1
0 27
1 441
0 141
0 110
1 47
0 1
1 1
0 27
1 441
0 141
0 110
1 47
0 29
1 441
0 141
0 110
1 47
0 1
1 1
0 26
1 441
0 142
0 110
1 47
0 1
1 1
0 26
1 441
0 142
0 110
1 47
0 28
1 441
0 142
0 110
1 47
0 1
1 1
0 26
1 441
0 142
0 110
1 47
0 1
1 1
0 26
1 440
0 143
0 110
1 47
0 28
1 440
0 143
0 111
1 46
0 1
1 1
0 26
1 440
0 143
0 110
1 47
0 28
1 440
0 143
0 111
1 46
0 1
1 1
0 25
1 441
0 143
0 111
1 46
0 1
1 1
0 25
1 441
0 143
0 111
1 46
0 1
1 1
0 25
1 440
0 144
0 111
1 46
0 27
1 440
0 144
0 111
1 46
0 1
1 1
0 25
1 439
0 145
0 111
1 46
0 1
1 1
0 25
1 439
0 145
0 111
1 46
0 1
1 1
0 25
1 439
0 145
0 111
1 46
0 27
1 439
0 145
0 111
1 47
0 26
1 438
0 146
0 111
1 47
0 26
1 438
0 146
0 111
1 47
0 25
1 439
0 146
0 111
1 47
0 26
1 438
0 146
0 111
1 47
0 25
1 438
0 147
0 111
1 47
0 25
1 438
0 147
0 112
1 46
0 25
1 438
0 147
0 112
1 46
0 1
1 1
0 23
1 437
0 148
0 112
1 46
0 1
1 1
0 23
1 437
0 148
0 112
1 46
0 1
1 1
0 23
1 437
0 148
0 112
1 46
0 1
1 1
0 23
1 437
0 148
0 112
1 48
0 23
1 436
0 149
0 113
1 46
0 24
1 436
0 149
0 113
1 46
0 24
1 435
0 150
0 113
1 46
0 1
1 1
0 22
1 435
0 150
0 113
1 46
0 1
1 1
0 22
1 435
0 150
0 113
1 46
0 1
1 1
0 22
1 434
0 151
0 113
1 48
0 22
1 434
0 151
0 114
1 47
0 22
1 434
0 151
0 114
1 46
0 1
1 1
0 21
1 433
0 152
0 114
1 46
0 1
1 1
0 21
1 433
0 152
0 114
1 46
0 1
1 1
0 21
1 433
0 152
0 114
1 48
0 21
1 432
0 153
0 115
1 47
0 21
1 432
0 153
0 115
1 48
0 20
1 431
0 154
0 115
1 48
0 20
1 431
0 154
0 115
1 48
0 20
1 431
0 154
0 116
1 47
0 20
1 430
0 155
0 116
1 48
0 19
1 430
0 155
0 116
1 48
0 19
1 429
0 156
0 116
1 48
0 19
1 429
0 156
0 117
1 48
0 18
1 429
0 156
0 117
1 48
0 18
1 428
0 157
0 117
1 48
0 19
1 427
0 157
0 118
1 48
0 18
1 426
0 158
0 118
1 48
0 18
1 426
0 158
0 118
1 48
0 18
1 425
0 159
0 119
1 48
0 17
1 425
0 159
0 119
1 48
0 17
1 424
0 160
0 119
1 48
0 17
1 424
0 160
0 120
1 48
0 16
1 423
0 161
0 120
1 48
0 16
1 423
0 161
0 121
1 47
0 16
1 422
0 162
0 121
1 48
0 15
1 422
0 162
0 121
1 48
0 16
1 420
0 163
0 122
1 48
0 15
1 419
0 164
0 123
1 47
0 15
1 419
0 164
0 123
1 48
0 14
1 418
0 165
0 124
1 47
0 14
1 418
0 165
0 123
1 49
0 13
1 417
0 166
0 124
1 48
0 13
1 416
0 167
0 125
1 48
0 12
1 416
0 167
0 125
1 48
0 13
1 414
0 168
0 126
1 48
0 12
1 413
0 169
0 126
1 49
0 11
1 413
0 169
0 127
1 48
0 11
1 412
0 170
0 127
1 49
0 10
1 411
0 171
0 128
1 48
0 1
1 1
0 8
1 411
0 171
0 128
1 49
0 10
1 409
0 172
0 129
1 49
0 9
1 408
0 173
0 129
1 49
0 9
1 407
0 174
0 130
1 49
0 8
1 407
0 174
0 130
1 50
0 1
1 1
0 5
1 406
0 175
0 131
1 51
0 6
1 405
0 175
0 132
1 49
0 1
1 1
0 5
1 404
0 176
0 132
1 52
0 4
1 403
0 177
0 133
1 52
0 3
1 402
0 178
0 133
1 53
0 3
1 401
0 178
0 134
1 52
0 3
1 400
0 179
0 135
1 52
0 2
1 399
0 180
0 135
1 53
0 1
1 398
0 181
0 136
1 450
0 182
0 137
1 448
0 183
0 137
1 448
0 183
0 138
1 447
0 183
0 139
1 445
0 184
0 140
1 444
0 184
0 141
1 442
0 185
0 142
1 441
0 185
0 142
1 441
0 185
0 143
1 440
0 185
0 144
1 438
0 186
0 145
1 437
0 186
0 146
1 435
0 187
0 147
1 434
0 187
0 148
1 433
0 187
0 149
1 431
0 188
0 150
1 430
0 188
0 151
1 428
0 189
0 152
1 427
0 189
0 153
1 426
0 189
0 154
1 424
0 190
0 155
1 423
0 190
0 157
1 420
0 191
0 159
1 417
0 192
0 160
1 416
0 192
0 161
1 415
0 192
0 162
1 413
0 193
0 163
1 412
0 193
0 165
1 1
0 1
1 407
0 194
0 167
1 407
0 194
0 169
1 404
0 195
0 172
1 401
0 195
0 173
1 399
0 196
0 174
1 1
0 1
1 396
0 196
0 181
1 390
0 197
0 184
1 1
0 1
1 385
0 197
0 185
1 385
0 198
0 192
1 378
0 198
0 190
1 379
0 199
0 193
1 375
0 200
0 196
1 1
0 1
1 370
0 200
0 199
1 368
0 201
0 202
1 365
0 201
0 203
1 363
0 202
0 206
1 359
0 203
0 208
1 357
0 203
0 211
1 353
0 204
0 212
1 351
0 205
0 214
1 349
0 205
0 217
1 345
0 206
0 220
1 341
0 207
0 223
1 13
0 2
1 323
0 207
0 228
1 3
0 10
1 319
0 208
0 242
1 317
0 209
0 242
1 317
0 209
0 217
1 1
0 26
1 314
0 210
0 216
1 7
0 20
1 314
0 211
0 217
1 8
0 20
1 311
0 212
0 218
1 8
0 19
1 310
0 213
0 219
1 8
0 18
1 310
0 213
0 219
1 9
0 18
1 308
0 214
0 220
1 10
0 16
1 307
0 215
0 221
1 10
0 15
1 306
0 216
0 222
1 11
0 1
1 1
0 10
1 307
0 216
0 222
1 16
0 7
1 306
0 217
0 223
1 327
0 218
0 224
1 325
0 219
0 226
1 322
0 220
0 226
1 321
0 221
0 227
1 319
0 222
0 228
1 317
0 223
0 229
1 316
0 223
0 230
1 313
0 225
0 231
1 311
0 226
0 232
1 310
0 226
0 233
1 308
0 227
0 234
1 306
0 228
0 235
1 304
0 229
0 236
1 302
0 230
0 238
1 298
0 232
0 238
1 297
0 233
0 240
1 294
0 234
0 242
1 291
0 235
0 242
1 290
0 236
0 243
1 288
0 237
0 245
1 285
0 238
0 246
1 283
0 239
0 248
1 279
0 241
0 249
1 277
0 242
0 251
1 274
0 243
0 252
1 271
0 245
0 254
1 268
0 246
0 255
1 266
0 247
0 257
1 262
0 249
0 258
1 260
0 250
0 260
1 257
0 251
0 261
1 254
0 253
0 263
1 251
0 254
0 264
1 249
0 255
0 266
1 4
0 1
1 3
0 1
1 236
0 257
0 268
1 2
0 1
1 2
0 1
1 235
0 259
0 270
1 3
0 6
1 229
0 260
0 278
1 228
0 262
0 283
1 70
0 1
1 151
0 263
0 285
1 219
0 264
0 270
1 7
0 12
1 2
0 1
1 211
0 265
0 270
1 9
0 14
1 59
0 1
1 1
0 1
1 5
0 1
1 2
0 5
1 135
0 1
1 1
0 263
0 270
1 11
0 12
1 51
0 7
1 2
0 8
1 1
0 2
1 141
0 263
0 270
1 20
0 9
1 28
0 1
1 16
0 23
1 1
0 2
1 135
0 263
0 270
1 25
0 12
1 5
0 4
1 23
0 2
1 1
0 26
1 1
0 5
1 131
0 263
0 270
1 30
0 11
1 1
0 2
1 28
0 5
1 2
0 23
1 1
0 1
1 131
0 263
0 270
1 35
0 9
1 4
0 2
1 1
0 3
1 1
0 1
1 2
0 3
1 1
0 2
1 1
0 46
1 124
0 263
0 271
1 41
0 18
1 3
0 45
1 127
0 263
0 271
1 45
0 23
1 3
0 39
1 5
0 1
1 118
0 263
0 271
1 54
0 57
1 1
0 1
1 120
0 264
0 272
1 58
0 8
1 1
0 44
1 1
0 1
1 119
0 264
0 272
1 74
0 36
1 1
0 4
1 117
0 264
0 272
1 83
0 19
1 129
0 265
0 132
1 1
0 140
1 100
0 4
1 126
0 265
0 274
1 115
0 1
1 112
0 266
0 275
1 227
0 266
0 277
1 224
0 267
0 278
1 222
0 268
0 279
1 220
0 269
0 281
1 216
0 271
0 284
1 212
0 272
0 286
1 208
0 274
0 289
1 203
0 276
0 291
1 199
0 278
0 294
1 193
0 281
0 297
1 187
0 284
0 301
1 181
0 286
0 306
1 172
0 290
0 310
1 164
0 294
0 315
1 155
0 298
0 322
1 143
0 303
0 330
1 128
0 310
0 339
1 111
0 318
0 351
1 93
0 324
0 369
1 59
0 340
0 389
1 1
0 16
1 5
0 357
0 408
1 1
0 359
0 768
0 768
0 768
0 768
0 768
0 768
0 768
0 768
0 768
0 768
0 768
0 768
0 768
0 447
1 2
0 14
1 1
0 304
0 463
1 1
0 304
0 768
0 768
0 768
0 768
0 768
0 768
0 768
0 768
0 768
0 768
0 768
0 768
0 768
0 768
0 768
0 768
0 768
0 768
0 768
0 768
0 768
0 768
0 768
0 768
0 768
0 768
0 768
0 768
0 768
0 768
0 768
0 768
0 768
0 768
0 768
0 768
0 768
0 768
0 768
