0 768
0 768
0 768
0 768
0 768
0 768
0 768
0 768
0 768
0 768
0 768
0 768
0 768
0 768
0 768
0 768
0 768
0 768
0 768
0 768
0 768
0 768
0 768
0 768
0 768
0 768
0 768
0 768
0 768
0 768
0 768
0 768
0 768
0 768
0 768
0 768
0 768
0 768
0 768
0 768
0 768
0 768
0 768
0 768
0 768
0 768
0 768
0 768
0 768
0 768
0 768
0 768
0 768
0 768
0 768
0 768
0 768
0 768
0 768
0 768
0 768
0 768
0 768
0 768
0 768
0 768
0 768
0 768
0 768
0 768
0 768
0 768
0 768
0 768
0 768
0 768
0 768
0 768
0 768
0 768
0 768
0 768
0 768
0 768
0 768
0 768
0 768
0 768
0 768
0 768
0 768
0 768
0 768
0 768
0 768
0 768
0 768
0 768
0 768
0 768
0 768
0 768
0 768
0 768
0 768
0 768
0 768
0 768
0 768
0 768
0 768
0 768
0 768
0 768
0 768
0 768
0 768
0 768
0 768
0 768
0 768
0 768
0 768
0 768
0 768
0 768
0 768
0 768
0 768
0 768
0 768
0 768
0 768
0 768
0 768
0 768
0 768
0 768
0 768
0 768
0 768
0 768
0 768
0 768
0 768
0 768
0 768
0 768
0 768
0 768
0 768
0 768
0 768
0 768
0 768
0 768
0 768
0 768
0 768
0 768
0 768
0 768
0 768
0 768
0 768
0 768
0 768
0 768
0 768
0 768
0 768
0 768
0 768
0 768
0 768
0 768
0 768
0 768
0 768
0 768
0 768
0 768
0 768
0 768
0 768
0 768
0 768
0 768
0 768
0 768
0 768
0 768
0 768
0 768
0 768
0 768
0 768
0 768
0 768
0 768
0 768
0 768
0 768
0 768
0 768
0 768
0 768
0 768
0 768
0 768
0 357
1 8
0 403
0 349
1 25
0 394
0 346
1 32
0 390
0 334
1 47
0 387
0 329
1 58
0 381
0 323
1 71
0 374
0 318
1 91
0 359
0 315
1 96
0 357
0 313
1 100
0 355
0 305
1 111
0 352
0 300
1 120
0 348
0 297
1 125
0 346
0 290
1 133
0 345
0 286
1 138
0 344
0 280
1 149
0 339
0 275
1 157
0 336
0 273
1 160
0 335
0 269
1 165
0 334
0 266
1 170
0 332
0 263
1 177
0 328
0 261
1 181
0 326
0 259
1 185
0 324
0 257
1 188
0 323
0 255
1 191
0 322
0 251
1 196
0 321
0 250
1 199
0 319
0 248
1 203
0 317
0 246
1 207
0 315
0 244
1 211
0 313
0 242
1 214
0 312
0 239
1 218
0 311
0 237
1 221
0 310
0 235
1 224
0 309
0 234
1 225
0 309
0 233
1 228
0 307
0 231
1 232
0 305
0 230
1 234
0 304
0 228
1 237
0 303
0 226
1 240
0 302
0 224
1 244
0 300
0 222
1 247
0 299
0 221
1 249
0 298
0 220
1 251
0 297
0 219
1 254
0 295
0 218
1 256
0 294
0 216
1 259
0 293
0 215
1 262
0 291
0 213
1 265
0 290
0 210
1 269
0 289
0 208
1 272
0 288
0 206
1 275
0 287
0 205
1 277
0 286
0 204
1 279
0 285
0 202
1 282
0 284
0 201
1 284
0 283
0 199
1 286
0 283
0 198
1 287
0 283
0 196
1 290
0 282
0 195
1 292
0 281
0 194
1 294
0 280
0 194
1 294
0 280
0 193
1 296
0 279
0 192
1 298
0 278
0 190
1 300
0 278
0 189
1 301
0 278
0 188
1 303
0 277
0 187
1 304
0 277
0 186
1 306
0 276
0 185
1 309
0 274
0 183
1 312
0 273
0 182
1 320
0 266
0 180
1 324
0 264
0 179
1 327
0 262
0 178
1 332
0 258
0 178
1 333
0 257
0 177
1 335
0 256
0 175
1 338
0 255
0 174
1 340
0 254
0 173
1 343
0 252
0 172
1 346
0 250
0 171
1 350
0 247
0 170
1 353
0 245
0 170
1 354
0 244
0 169
1 358
0 241
0 168
1 362
0 238
0 167
1 365
0 236
0 167
1 370
0 231
0 166
1 376
0 226
0 165
1 381
0 222
0 164
1 383
0 221
0 164
1 383
0 221
0 163
1 385
0 220
0 163
1 385
0 220
0 163
1 386
0 219
0 162
1 387
0 219
0 161
1 388
0 219
0 160
1 389
0 219
0 159
1 391
0 218
0 159
1 391
0 218
0 159
1 391
0 218
0 159
1 391
0 218
0 158
1 392
0 218
0 157
1 393
0 218
0 156
1 393
0 219
0 155
1 395
0 218
0 155
1 394
0 219
0 154
1 395
0 219
0 154
1 394
0 220
0 152
1 395
0 221
0 151
1 396
0 221
0 150
1 397
0 221
0 149
1 399
0 220
0 148
1 399
0 221
0 147
1 399
0 222
0 147
1 398
0 223
0 146
1 399
0 223
0 146
1 399
0 223
0 145
1 399
0 224
0 144
1 400
0 224
0 144
1 400
0 224
0 142
1 401
0 225
0 140
1 403
0 225
0 139
1 404
0 225
0 138
1 404
0 226
0 136
1 405
0 227
0 135
1 406
0 227
0 134
1 405
0 229
0 134
1 405
0 229
0 129
1 408
0 231
0 128
1 409
0 231
0 127
1 410
0 231
0 126
1 410
0 232
0 125
1 410
0 233
0 123
1 411
0 234
0 123
1 411
0 234
0 122
1 411
0 235
0 121
1 411
0 236
0 121
1 410
0 237
0 120
1 410
0 238
0 120
1 410
0 238
0 120
1 409
0 239
0 119
1 410
0 239
0 118
1 410
0 240
0 117
1 410
0 241
0 116
1 411
0 241
0 116
1 410
0 242
0 116
1 409
0 243
0 116
1 408
0 244
0 115
1 408
0 245
0 115
1 407
0 246
0 114
1 407
0 247
0 114
1 407
0 247
0 114
1 407
0 247
0 114
1 407
0 247
0 113
1 407
0 248
0 113
1 407
0 248
0 113
1 407
0 248
0 113
1 407
0 248
0 113
1 406
0 249
0 112
1 407
0 249
0 112
1 407
0 249
0 112
1 407
0 249
0 112
1 406
0 250
0 113
1 405
0 250
0 113
1 405
0 250
0 111
1 406
0 251
0 110
1 407
0 251
0 110
1 406
0 252
0 110
1 406
0 252
0 110
1 405
0 253
0 109
1 405
0 254
0 109
1 405
0 254
0 109
1 404
0 255
0 109
1 404
0 255
0 109
1 404
0 255
0 109
1 404
0 255
0 109
1 404
0 255
0 110
1 403
0 255
0 110
1 402
0 256
0 110
1 402
0 256
0 109
1 402
0 257
0 109
1 401
0 258
0 108
1 402
0 258
0 108
1 402
0 258
0 108
1 402
0 258
0 108
1 402
0 258
0 108
1 402
0 258
0 108
1 402
0 258
0 108
1 401
0 259
0 110
1 399
0 259
0 112
1 1
0 1
1 395
0 259
0 115
1 2
0 5
1 387
0 259
0 122
1 387
0 259
0 122
1 387
0 259
0 123
1 385
0 260
0 124
1 384
0 260
0 125
1 383
0 260
0 126
1 381
0 261
0 126
1 381
0 261
0 127
1 379
0 262
0 127
1 379
0 262
0 127
1 378
0 263
0 127
1 379
0 262
0 128
1 378
0 262
0 129
1 377
0 262
0 130
1 376
0 262
0 132
1 374
0 262
0 135
1 370
0 263
0 134
1 371
0 263
0 135
1 369
0 264
0 136
1 368
0 264
0 148
1 355
0 265
0 148
1 354
0 266
0 149
1 353
0 266
0 150
1 352
0 266
0 152
1 350
0 266
0 153
1 349
0 266
0 154
1 347
0 267
0 154
1 346
0 268
0 154
1 346
0 268
0 155
1 345
0 268
0 157
1 342
0 269
0 158
1 340
0 270
0 159
1 339
0 270
0 159
1 338
0 271
0 160
1 337
0 271
0 160
1 336
0 272
0 161
1 335
0 272
0 162
1 333
0 273
0 163
1 332
0 273
0 163
1 331
0 274
0 164
1 329
0 275
0 165
1 327
0 276
0 165
1 326
0 277
0 166
1 324
0 278
0 166
1 323
0 279
0 167
1 320
0 281
0 169
1 317
0 282
0 170
1 316
0 282
0 170
1 316
0 282
0 171
1 314
0 283
0 172
1 312
0 284
0 173
1 310
0 285
0 174
1 263
0 2
1 34
0 3
1 6
0 286
0 174
1 262
0 4
1 34
0 2
1 5
0 287
0 175
1 262
0 5
1 31
0 4
1 3
0 288
0 175
1 245
0 1
1 16
0 7
1 23
0 301
0 176
1 261
0 7
1 22
0 302
0 177
1 260
0 7
1 22
0 302
0 178
1 260
0 1
1 27
0 302
0 179
1 287
0 302
0 179
1 284
0 305
0 180
1 278
0 310
0 181
1 177
0 5
1 39
0 3
1 52
0 311
0 182
1 177
0 3
1 20
0 4
1 4
0 1
1 11
0 5
1 50
0 4
1 1
0 306
0 183
1 177
0 1
1 44
0 5
1 47
0 311
0 184
1 176
0 2
1 8
0 5
1 13
0 4
1 15
0 3
1 47
0 311
0 185
1 173
0 3
1 4
0 2
1 1
0 1
1 2
0 8
1 9
0 4
1 58
0 3
1 3
0 312
0 186
1 10
0 4
1 155
0 6
1 9
0 10
1 9
0 3
1 59
0 2
1 3
0 312
0 189
1 9
0 1
1 156
0 5
1 4
0 9
1 3
0 5
1 7
0 6
1 5
0 1
1 56
0 312
0 190
1 166
0 6
1 1
0 7
1 7
0 1
1 1
0 6
1 1
0 7
1 62
0 313
0 191
1 166
0 13
1 7
0 7
1 4
0 8
1 56
0 316
0 192
1 21
0 3
1 141
0 15
1 2
0 9
1 5
0 4
1 32
0 1
1 17
0 1
1 7
0 318
0 193
1 12
0 3
1 4
0 8
1 109
0 1
1 28
0 13
1 1
0 11
1 4
0 4
1 57
0 320
0 194
1 10
0 7
1 2
0 8
1 137
0 25
1 3
0 5
1 50
0 1
1 4
0 322
0 200
1 5
0 5
1 1
0 10
1 100
0 6
1 31
0 25
1 2
0 8
1 30
0 3
1 19
0 323
0 200
1 4
0 6
1 2
0 10
1 99
0 6
1 33
0 33
1 31
0 4
1 16
0 324
0 201
1 5
0 3
1 4
0 9
1 97
0 7
1 35
0 29
1 20
0 2
1 12
0 344
0 202
1 6
0 1
1 2
0 12
1 95
0 8
1 11
0 14
1 3
0 3
1 13
0 18
1 21
0 3
1 13
0 3
1 3
0 337
0 203
1 6
0 1
1 2
0 12
1 93
0 7
1 10
0 18
1 18
0 1
1 1
0 1
1 3
0 12
1 27
0 5
1 11
0 337
0 205
1 8
0 11
1 94
0 5
1 10
0 20
1 3
0 1
1 14
0 1
1 13
0 3
1 17
0 7
1 3
0 6
1 11
0 336
0 206
1 6
0 12
1 92
0 6
1 10
0 22
1 1
0 1
1 13
0 5
1 2
0 1
1 9
0 2
1 8
0 15
1 4
0 6
1 13
0 334
0 208
1 5
0 10
1 92
0 6
1 12
0 10
1 17
0 2
1 6
0 6
1 18
0 15
1 6
0 7
1 15
0 333
0 208
1 8
0 6
1 88
0 10
1 13
0 1
1 2
0 7
1 16
0 5
1 3
0 6
1 12
0 1
1 2
0 2
1 6
0 9
1 10
0 4
1 14
0 335
0 210
1 9
0 4
1 85
0 11
1 11
0 4
1 3
0 7
1 14
0 15
1 9
0 11
1 4
0 1
1 1
0 4
1 12
0 6
1 4
0 1
1 1
0 341
0 212
1 8
0 1
1 62
0 3
1 20
0 12
1 10
0 15
1 15
0 7
1 2
0 5
1 5
0 15
1 7
0 3
1 13
0 353
0 214
1 90
0 7
1 17
0 14
1 9
0 4
1 1
0 8
1 14
0 14
1 5
0 5
1 13
0 353
0 216
1 81
0 10
1 14
0 3
1 4
0 36
1 13
0 11
1 7
0 7
1 13
0 353
0 217
1 76
0 10
1 18
0 3
1 2
0 38
1 10
0 3
1 1
0 9
1 8
0 7
1 11
0 355
0 219
1 73
0 9
1 17
0 15
1 9
0 9
1 5
0 8
1 5
0 3
1 5
0 10
1 7
0 9
1 9
0 356
0 221
1 44
0 6
1 5
0 1
1 2
0 5
1 7
0 6
1 7
0 5
1 1
0 2
1 4
0 16
1 26
0 7
1 2
0 6
1 6
0 9
1 4
0 376
0 226
1 35
0 5
1 2
0 11
1 1
0 17
1 8
0 3
1 2
0 5
1 2
0 13
1 28
0 14
1 8
0 388
0 228
1 9
0 2
1 21
0 6
1 2
0 10
1 4
0 15
1 13
0 21
1 9
0 4
1 14
0 14
1 7
0 389
0 229
1 1
0 11
1 16
0 20
1 4
0 4
1 1
0 9
1 16
0 38
1 8
0 18
1 4
0 389
0 229
1 3
0 10
1 15
0 7
1 4
0 9
1 5
0 10
1 18
0 10
1 6
0 27
1 2
0 31
1 4
0 378
0 232
1 1
0 11
1 14
0 19
1 7
0 7
1 8
0 1
1 11
0 2
1 3
0 3
1 8
0 58
1 4
0 379
0 250
1 6
0 1
1 3
0 18
1 7
0 1
1 1
0 5
1 7
0 1
1 1
0 1
1 13
0 4
1 5
0 53
1 2
0 389
0 278
1 27
0 1
1 10
0 4
1 2
0 54
1 3
0 389
0 244
1 1
0 33
1 13
0 2
1 2
0 18
1 3
0 22
1 5
0 11
1 1
0 20
1 3
0 390
0 278
1 3
0 57
1 5
0 4
1 1
0 28
1 1
0 391
0 248
1 5
0 86
1 3
0 426
0 249
1 6
0 86
1 1
0 4
1 1
0 421
0 273
1 4
0 491
0 273
1 10
0 13
1 3
0 469
0 274
1 9
0 485
0 277
1 4
0 6
1 3
0 478
0 288
1 3
0 77
1 4
0 396
0 768
0 768
0 768
0 768
0 768
0 768
0 768
0 768
0 768
0 768
0 768
0 768
0 768
0 768
0 768
0 768
0 569
1 1
0 198
0 768
0 768
0 768
0 768
0 545
1 1
0 222
0 768
0 768
0 245
1 4
0 519
0 245
1 4
0 62
1 2
0 45
1 2
0 408
0 768
0 426
1 1
0 341
0 533
1 1
0 234
0 427
1 1
0 340
0 768
0 768
0 768
0 768
0 768
0 768
0 768
0 617
1 1
0 150
0 768
0 768
0 768
0 288
1 1
0 479
0 288
1 3
0 477
0 289
1 1
0 478
0 768
0 768
0 768
0 768
0 388
1 1
0 379
0 768
0 768
0 768
0 768
0 768
0 768
0 375
1 5
0 388
0 375
1 4
0 389
0 768
0 768
0 768
0 768
0 768
0 768
0 768
0 768
0 768
0 768
0 768
0 768
