0 768
0 768
0 768
0 768
0 768
0 768
0 768
0 768
0 768
0 768
0 768
0 768
0 768
0 768
0 768
0 768
0 768
0 768
0 768
0 768
0 768
0 768
0 768
0 768
0 768
0 768
0 768
0 768
0 768
0 768
0 768
0 768
0 768
0 768
0 768
0 768
0 768
0 768
0 768
0 768
0 768
0 768
0 768
0 768
0 768
0 768
0 768
0 768
0 768
0 768
0 768
0 768
0 768
0 768
0 768
0 768
0 768
0 768
0 768
0 768
0 768
0 768
0 768
0 768
0 768
0 768
0 768
0 768
0 768
0 768
0 768
0 768
0 768
0 768
0 768
0 768
0 768
0 768
0 768
0 768
0 768
0 768
0 768
0 768
0 768
0 768
0 768
0 768
0 768
0 768
0 768
0 768
0 768
0 768
0 768
0 768
0 768
0 768
0 768
0 768
0 768
0 768
0 768
0 768
0 768
0 768
0 768
0 768
0 768
0 768
0 768
0 768
0 768
0 768
0 768
0 768
0 768
0 768
0 768
0 768
0 768
0 768
0 768
0 768
0 768
0 768
0 768
0 768
0 768
0 768
0 768
0 768
0 768
0 768
0 768
0 768
0 768
0 768
0 768
0 768
0 768
0 768
0 768
0 768
0 768
0 768
0 768
0 768
0 768
0 768
0 768
0 768
0 768
0 768
0 768
0 768
0 768
0 768
0 768
0 768
0 768
0 768
0 768
0 768
0 768
0 768
0 768
0 768
0 768
0 768
0 768
0 768
0 768
0 768
0 768
0 768
0 768
0 768
0 768
0 768
0 768
0 768
0 768
0 768
0 768
0 768
0 768
0 768
0 768
0 768
0 768
0 768
0 768
0 768
0 768
0 768
0 768
0 768
0 768
0 768
0 768
0 768
0 768
0 768
0 768
0 768
0 768
0 342
1 5
0 6
1 6
0 14
1 4
0 391
0 336
1 29
0 2
1 24
0 377
0 330
1 68
0 370
0 327
1 74
0 367
0 323
1 85
0 360
0 317
1 94
0 357
0 314
1 100
0 354
0 311
1 107
0 350
0 309
1 113
0 346
0 307
1 123
0 338
0 304
1 132
0 332
0 303
1 137
0 328
0 302
1 141
0 325
0 299
1 146
0 323
0 297
1 151
0 320
0 295
1 156
0 317
0 293
1 162
0 313
0 292
1 166
0 310
0 291
1 171
0 306
0 289
1 176
0 303
0 288
1 182
0 298
0 287
1 186
0 295
0 286
1 191
0 291
0 286
1 195
0 287
0 285
1 199
0 284
0 284
1 203
0 281
0 283
1 207
0 278
0 281
1 212
0 275
0 280
1 215
0 273
0 279
1 218
0 271
0 278
1 222
0 268
0 277
1 226
0 265
0 276
1 229
0 263
0 275
1 231
0 262
0 274
1 235
0 259
0 273
1 239
0 256
0 272
1 242
0 254
0 271
1 245
0 252
0 270
1 247
0 251
0 269
1 251
0 248
0 268
1 254
0 246
0 267
1 258
0 243
0 266
1 261
0 241
0 266
1 262
0 240
0 265
1 265
0 238
0 264
1 267
0 237
0 263
1 270
0 235
0 261
1 274
0 233
0 260
1 275
0 233
0 259
1 278
0 231
0 258
1 280
0 230
0 258
1 281
0 229
0 256
1 284
0 228
0 256
1 285
0 227
0 254
1 289
0 225
0 254
1 290
0 224
0 253
1 293
0 222
0 252
1 295
0 221
0 251
1 297
0 220
0 250
1 298
0 220
0 249
1 300
0 219
0 248
1 302
0 218
0 248
1 303
0 217
0 246
1 306
0 216
0 243
1 311
0 214
0 237
1 318
0 213
0 235
1 321
0 212
0 234
1 323
0 211
0 231
1 327
0 210
0 228
1 331
0 209
0 226
1 334
0 208
0 225
1 337
0 206
0 223
1 340
0 205
0 219
1 345
0 204
0 217
1 349
0 202
0 216
1 350
0 202
0 214
1 352
0 202
0 209
1 359
0 200
0 207
1 362
0 199
0 204
1 365
0 199
0 202
1 368
0 198
0 201
1 370
0 197
0 199
1 372
0 197
0 198
1 375
0 195
0 197
1 377
0 194
0 196
1 378
0 194
0 195
1 380
0 193
0 194
1 382
0 192
0 194
1 383
0 191
0 194
1 383
0 191
0 193
1 385
0 190
0 192
1 386
0 190
0 192
1 387
0 189
0 192
1 388
0 188
0 193
1 387
0 188
0 193
1 387
0 188
0 193
1 388
0 187
0 193
1 388
0 187
0 193
1 389
0 186
0 194
1 389
0 185
0 196
1 388
0 184
0 196
1 388
0 184
0 196
1 389
0 183
0 196
1 389
0 183
0 197
1 389
0 182
0 197
1 389
0 182
0 198
1 389
0 181
0 198
1 389
0 181
0 198
1 390
0 180
0 199
1 390
0 179
0 199
1 391
0 178
0 200
1 390
0 178
0 201
1 390
0 177
0 202
1 389
0 177
0 203
1 390
0 175
0 204
1 390
0 174
0 204
1 392
0 172
0 205
1 391
0 172
0 205
1 391
0 172
0 206
1 391
0 171
0 207
1 390
0 171
0 207
1 393
0 168
0 208
1 394
0 166
0 209
1 394
0 165
0 210
1 394
0 164
0 211
1 395
0 162
0 211
1 396
0 161
0 212
1 395
0 161
0 213
1 395
0 160
0 214
1 395
0 159
0 214
1 397
0 157
0 215
1 397
0 156
0 216
1 398
0 154
0 217
1 398
0 153
0 218
1 398
0 152
0 218
1 399
0 151
0 219
1 399
0 150
0 219
1 400
0 149
0 219
1 401
0 148
0 219
1 402
0 147
0 219
1 402
0 147
0 219
1 403
0 146
0 220
1 402
0 146
0 220
1 403
0 145
0 220
1 403
0 145
0 220
1 403
0 145
0 221
1 402
0 145
0 221
1 403
0 144
0 221
1 403
0 144
0 221
1 403
0 144
0 222
1 402
0 144
0 222
1 402
0 144
0 223
1 401
0 144
0 223
1 402
0 143
0 223
1 402
0 143
0 224
1 401
0 143
0 224
1 401
0 143
0 224
1 401
0 143
0 225
1 400
0 143
0 225
1 400
0 143
0 226
1 398
0 144
0 226
1 398
0 144
0 226
1 398
0 144
0 226
1 398
0 144
0 227
1 399
0 142
0 227
1 400
0 141
0 227
1 400
0 141
0 228
1 399
0 141
0 227
1 400
0 141
0 228
1 399
0 2
1 1
0 138
0 229
1 398
0 1
1 3
0 137
0 230
1 401
0 137
0 230
1 401
0 137
0 230
1 401
0 137
0 230
1 401
0 137
0 230
1 401
0 137
0 230
1 401
0 137
0 230
1 401
0 137
0 230
1 401
0 137
0 230
1 401
0 137
0 231
1 401
0 136
0 231
1 384
0 1
1 8
0 1
1 7
0 136
0 231
1 379
0 4
1 1
0 1
1 7
0 1
1 8
0 136
0 232
1 364
0 1
1 14
0 5
1 6
0 1
1 10
0 135
0 232
1 364
0 1
1 15
0 5
1 16
0 135
0 232
1 352
0 2
1 26
0 5
1 3
0 3
1 10
0 135
0 233
1 347
0 7
1 13
0 2
1 2
0 1
1 6
0 12
1 10
0 135
0 233
1 350
0 10
1 2
0 3
1 13
0 11
1 11
0 135
0 233
1 350
0 6
1 14
0 2
1 6
0 10
1 7
0 3
1 2
0 135
0 234
1 349
0 6
1 8
0 9
1 5
0 10
1 7
0 140
0 234
1 349
0 6
1 8
0 25
1 5
0 141
0 234
1 349
0 7
1 6
0 26
1 4
0 142
0 234
1 349
0 6
1 10
0 2
1 4
0 17
1 3
0 143
0 234
1 348
0 6
1 17
0 163
0 234
1 347
0 8
1 15
0 164
0 234
1 348
0 9
1 12
0 165
0 234
1 348
0 10
1 6
0 170
0 235
1 348
0 185
0 235
1 347
0 186
0 236
1 346
0 18
1 2
0 166
0 236
1 346
0 186
0 237
1 344
0 187
0 237
1 344
0 187
0 237
1 343
0 15
1 1
0 172
0 237
1 343
0 188
0 238
1 341
0 189
0 238
1 340
0 190
0 239
1 339
0 190
0 239
1 338
0 191
0 240
1 336
0 192
0 240
1 333
0 195
0 241
1 330
0 197
0 241
1 330
0 197
0 242
1 328
0 198
0 243
1 327
0 198
0 243
1 327
0 198
0 243
1 326
0 199
0 244
1 326
0 198
0 245
1 325
0 198
0 245
1 325
0 198
0 246
1 324
0 198
0 247
1 322
0 199
0 248
1 320
0 200
0 248
1 319
0 201
0 249
1 317
0 202
0 250
1 316
0 202
0 251
1 314
0 203
0 252
1 312
0 204
0 253
1 309
0 206
0 254
1 308
0 206
0 255
1 306
0 207
0 256
1 304
0 208
0 256
1 304
0 208
0 257
1 303
0 208
0 259
1 300
0 209
0 260
1 299
0 209
0 261
1 297
0 210
0 261
1 297
0 210
0 262
1 296
0 210
0 263
1 294
0 211
0 265
1 291
0 212
0 266
1 289
0 213
0 266
1 288
0 214
0 267
1 286
0 215
0 267
1 284
0 217
0 268
1 280
0 220
0 268
1 277
0 223
0 269
1 277
0 222
0 270
1 275
0 223
0 272
1 67
0 1
1 200
0 228
0 275
1 264
0 229
0 278
1 261
0 229
0 279
1 257
0 232
0 280
1 58
0 2
1 193
0 235
0 278
1 253
0 237
0 281
1 1
0 7
1 8
0 4
1 228
0 239
0 291
1 6
0 6
1 76
0 1
1 146
0 242
0 293
1 5
0 5
1 224
0 241
0 294
1 7
0 1
1 23
0 6
1 13
0 3
1 6
0 3
1 24
0 1
1 53
0 1
1 61
0 1
1 1
0 2
1 24
0 244
0 295
1 5
0 2
1 21
0 13
1 7
0 5
1 3
0 6
1 139
0 1
1 1
0 1
1 23
0 246
0 293
1 6
0 12
1 14
0 5
1 4
0 4
1 4
0 15
1 121
0 4
1 40
0 246
0 292
1 7
0 18
1 9
0 1
1 14
0 17
1 23
0 1
1 64
0 3
1 30
0 1
1 1
0 2
1 38
0 247
0 292
1 7
0 4
1 1
0 1
1 1
0 13
1 20
0 8
1 2
0 1
1 1
0 5
1 24
0 2
1 36
0 2
1 25
0 7
1 4
0 1
1 23
0 1
1 27
0 8
1 4
0 248
0 294
1 4
0 6
1 3
0 20
1 9
0 18
1 56
0 3
1 3
0 3
1 26
0 6
1 46
0 1
1 10
0 260
0 304
1 5
0 7
1 4
0 8
1 8
0 2
1 1
0 14
1 14
0 1
1 10
0 1
1 11
0 1
1 1
0 1
1 16
0 3
1 11
0 3
1 22
0 2
1 9
0 3
1 32
0 9
1 2
0 1
1 3
0 1
1 2
0 256
0 301
1 1
0 4
1 7
0 2
1 8
0 6
1 4
0 20
1 14
0 2
1 9
0 2
1 6
0 8
1 13
0 5
1 10
0 5
1 33
0 4
1 1
0 1
1 27
0 13
1 1
0 261
0 301
1 2
0 1
1 5
0 6
1 9
0 29
1 12
0 3
1 10
0 3
1 22
0 9
1 11
0 3
1 27
0 4
1 2
0 7
1 26
0 276
0 300
1 9
0 6
1 2
0 2
1 6
0 30
1 10
0 4
1 3
0 1
1 1
0 1
1 2
0 5
1 17
0 8
1 3
0 1
1 42
0 4
1 3
0 4
1 27
0 277
0 300
1 4
0 1
1 7
0 4
1 3
0 26
1 1
0 2
1 3
0 21
1 6
0 4
1 14
0 9
1 17
0 4
1 18
0 4
1 6
0 9
1 24
0 281
0 309
1 1
0 33
1 1
0 4
1 5
0 20
1 6
0 2
1 8
0 2
1 1
0 11
1 13
0 11
1 13
0 9
1 5
0 8
1 19
0 287
0 316
1 2
0 31
1 3
0 14
1 1
0 7
1 6
0 2
1 5
0 15
1 5
0 24
1 9
0 22
1 14
0 292
0 350
1 1
0 13
1 3
0 9
1 2
0 23
1 6
0 24
1 10
0 14
1 1
0 6
1 11
0 15
1 1
0 279
0 325
1 5
0 35
1 1
0 35
1 6
0 23
1 12
0 11
1 3
0 7
1 4
0 21
1 5
0 275
0 325
1 6
0 71
1 5
0 26
1 8
0 49
1 1
0 277
0 324
1 2
0 76
1 5
0 69
1 5
0 287
0 324
1 4
0 7
1 2
0 65
1 3
0 9
1 2
0 59
1 6
0 287
0 316
1 1
0 4
1 6
0 149
1 5
0 287
0 445
1 1
0 322
0 768
0 400
1 3
0 5
1 5
0 355
0 400
1 3
0 4
1 5
0 356
0 342
1 1
0 21
1 1
0 27
1 4
0 5
1 1
0 366
0 343
1 3
0 44
1 5
0 6
1 1
0 366
0 390
1 4
0 374
0 390
1 4
0 5
1 1
0 368
0 768
0 768
0 768
0 768
0 768
0 768
0 768
0 768
0 768
0 768
0 768
0 768
0 768
0 768
0 768
0 768
0 409
1 1
0 358
0 768
0 768
0 305
1 2
0 461
0 304
1 3
0 461
0 768
0 768
0 768
0 768
0 248
1 4
0 97
1 2
0 417
0 248
1 6
0 173
1 4
0 41
1 4
0 292
0 254
1 3
0 170
1 2
0 1
1 1
0 40
1 6
0 291
0 471
1 1
0 1
1 4
0 291
0 448
1 1
0 24
1 2
0 293
0 768
0 768
0 768
0 257
1 1
0 510
0 391
1 1
0 1
1 1
0 374
0 391
1 2
0 375
0 411
1 1
0 356
0 387
1 1
0 21
1 3
0 356
0 386
1 3
0 379
0 385
1 4
0 379
0 386
1 2
0 380
0 387
1 3
0 378
0 382
1 2
0 384
0 255
1 1
0 512
0 255
1 2
0 125
1 2
0 384
0 768
0 383
1 1
0 384
0 768
0 768
0 431
1 1
0 336
0 332
1 2
0 96
1 4
0 334
0 430
1 2
0 336
0 768
0 768
0 768
0 768
0 768
0 768
0 768
0 768
0 768
0 768
0 768
0 768
0 768
0 524
1 2
0 242
0 525
1 3
0 240
0 525
1 2
0 241
0 541
1 2
0 225
0 768
0 768
0 768
0 768
0 768
0 768
0 768
0 768
0 768
0 768
0 768
0 768
0 768
0 768
0 768
