0 768
0 768
0 768
0 768
0 768
0 768
0 768
0 768
0 768
0 768
0 768
0 768
0 768
0 768
0 768
0 768
0 768
0 768
0 768
0 768
0 768
0 768
0 768
0 768
0 768
0 768
0 768
0 768
0 768
0 768
0 768
0 768
0 768
0 768
0 768
0 768
0 768
0 768
0 768
0 768
0 768
0 768
0 768
0 768
0 768
0 768
0 768
0 768
0 768
0 768
0 768
0 768
0 768
0 768
0 768
0 768
0 768
0 768
0 768
0 768
0 768
0 768
0 768
0 768
0 768
0 768
0 768
0 768
0 768
0 768
0 768
0 768
0 768
0 768
0 768
0 768
0 768
0 768
0 768
0 768
0 768
0 768
0 768
0 768
0 768
0 768
0 768
0 768
0 768
0 768
0 768
0 768
0 768
0 768
0 768
0 768
0 768
0 768
0 768
0 768
0 768
0 768
0 768
0 768
0 768
0 768
0 768
0 768
0 768
0 768
0 768
0 768
0 768
0 768
0 768
0 768
0 768
0 768
0 768
0 768
0 768
0 768
0 768
0 768
0 768
0 768
0 768
0 768
0 768
0 768
0 768
0 768
0 768
0 768
0 768
0 768
0 768
0 768
0 768
0 768
0 768
0 768
0 768
0 768
0 768
0 768
0 768
0 768
0 768
0 768
0 768
0 768
0 768
0 768
0 768
0 768
0 768
0 768
0 768
0 768
0 768
0 768
0 768
0 768
0 768
0 768
0 768
0 768
0 768
0 768
0 768
0 768
0 768
0 768
0 768
0 768
0 768
0 768
0 768
0 768
0 768
0 768
0 768
0 768
0 768
0 768
0 768
0 768
0 768
0 768
0 768
0 768
0 768
0 768
0 768
0 768
0 768
0 768
0 768
0 768
0 768
0 768
0 768
0 768
0 768
0 768
0 768
0 768
0 353
1 17
0 398
0 348
1 34
0 1
1 4
0 381
0 341
1 3
0 1
1 48
0 375
0 335
1 69
0 364
0 326
1 2
0 3
1 81
0 356
0 318
1 97
0 353
0 314
1 105
0 349
0 310
1 114
0 344
0 306
1 124
0 338
0 300
1 136
0 332
0 297
1 144
0 327
0 295
1 151
0 322
0 291
1 158
0 319
0 288
1 164
0 316
0 285
1 169
0 314
0 283
1 174
0 311
0 282
1 177
0 309
0 280
1 180
0 308
0 277
1 184
0 307
0 276
1 187
0 305
0 274
1 191
0 303
0 271
1 196
0 301
0 269
1 199
0 300
0 268
1 201
0 299
0 267
1 205
0 296
0 266
1 209
0 293
0 265
1 211
0 292
0 262
1 215
0 291
0 260
1 218
0 290
0 259
1 220
0 289
0 258
1 223
0 287
0 256
1 226
0 286
0 254
1 230
0 284
0 253
1 232
0 283
0 252
1 234
0 282
0 251
1 236
0 281
0 251
1 237
0 280
0 250
1 240
0 278
0 249
1 242
0 277
0 248
1 244
0 276
0 247
1 247
0 274
0 245
1 250
0 273
0 244
1 252
0 272
0 243
1 254
0 271
0 242
1 257
0 269
0 241
1 259
0 268
0 240
1 261
0 267
0 240
1 262
0 266
0 239
1 264
0 265
0 239
1 265
0 264
0 238
1 267
0 263
0 236
1 270
0 262
0 236
1 271
0 261
0 236
1 271
0 261
0 235
1 273
0 260
0 234
1 275
0 259
0 234
1 276
0 258
0 233
1 278
0 257
0 232
1 280
0 256
0 231
1 281
0 256
0 230
1 283
0 255
0 228
1 285
0 255
0 228
1 287
0 253
0 227
1 288
0 253
0 226
1 290
0 252
0 225
1 291
0 252
0 225
1 292
0 251
0 224
1 294
0 250
0 223
1 295
0 250
0 223
1 296
0 249
0 223
1 296
0 249
0 222
1 297
0 249
0 222
1 298
0 248
0 221
1 299
0 248
0 221
1 300
0 247
0 220
1 302
0 246
0 219
1 303
0 246
0 219
1 304
0 245
0 218
1 305
0 245
0 218
1 305
0 245
0 217
1 307
0 244
0 217
1 308
0 243
0 217
1 308
0 243
0 216
1 310
0 242
0 216
1 310
0 242
0 215
1 311
0 242
0 215
1 312
0 241
0 215
1 312
0 241
0 214
1 313
0 241
0 214
1 314
0 240
0 213
1 315
0 240
0 213
1 315
0 240
0 212
1 317
0 239
0 212
1 317
0 239
0 212
1 317
0 239
0 211
1 319
0 238
0 211
1 319
0 238
0 211
1 319
0 238
0 210
1 321
0 237
0 210
1 321
0 237
0 209
1 322
0 237
0 209
1 322
0 237
0 209
1 322
0 237
0 208
1 323
0 237
0 208
1 323
0 237
0 208
1 323
0 237
0 208
1 324
0 236
0 208
1 324
0 236
0 208
1 324
0 236
0 208
1 324
0 236
0 207
1 325
0 236
0 207
1 325
0 236
0 207
1 325
0 236
0 207
1 325
0 236
0 206
1 326
0 236
0 205
1 327
0 236
0 205
1 328
0 235
0 205
1 328
0 235
0 205
1 328
0 235
0 205
1 328
0 235
0 205
1 328
0 235
0 205
1 328
0 235
0 204
1 329
0 235
0 204
1 329
0 235
0 204
1 329
0 235
0 204
1 329
0 235
0 204
1 329
0 235
0 205
1 328
0 235
0 205
1 53
0 1
1 274
0 235
0 205
1 56
0 1
1 271
0 235
0 205
1 328
0 235
0 205
1 328
0 235
0 205
1 328
0 235
0 205
1 328
0 235
0 205
1 328
0 235
0 205
1 328
0 235
0 205
1 328
0 235
0 205
1 327
0 236
0 204
1 328
0 236
0 204
1 328
0 236
0 204
1 328
0 236
0 204
1 328
0 236
0 204
1 328
0 236
0 205
1 327
0 236
0 205
1 326
0 237
0 205
1 326
0 237
0 205
1 326
0 237
0 205
1 326
0 237
0 205
1 325
0 238
0 205
1 325
0 238
0 205
1 325
0 238
0 205
1 325
0 238
0 206
1 324
0 238
0 206
1 324
0 238
0 206
1 325
0 237
0 206
1 325
0 237
0 206
1 325
0 237
0 206
1 325
0 237
0 205
1 326
0 237
0 205
1 326
0 237
0 205
1 327
0 236
0 205
1 327
0 236
0 205
1 327
0 236
0 205
1 328
0 235
0 205
1 327
0 236
0 205
1 327
0 236
0 205
1 327
0 236
0 205
1 327
0 236
0 205
1 327
0 236
0 205
1 326
0 237
0 206
1 325
0 237
0 206
1 325
0 237
0 206
1 325
0 237
0 207
1 323
0 238
0 207
1 323
0 238
0 206
1 324
0 238
0 206
1 324
0 238
0 206
1 323
0 239
0 206
1 323
0 239
0 207
1 321
0 240
0 207
1 321
0 240
0 208
1 319
0 241
0 208
1 319
0 241
0 208
1 319
0 241
0 208
1 318
0 242
0 208
1 318
0 242
0 209
1 317
0 242
0 209
1 317
0 242
0 209
1 317
0 242
0 210
1 315
0 243
0 211
1 313
0 244
0 211
1 314
0 243
0 212
1 312
0 244
0 212
1 312
0 244
0 213
1 311
0 244
0 213
1 310
0 245
0 213
1 310
0 245
0 214
1 308
0 246
0 214
1 308
0 246
0 215
1 306
0 247
0 215
1 306
0 247
0 216
1 303
0 249
0 217
1 302
0 249
0 217
1 302
0 249
0 217
1 303
0 248
0 217
1 302
0 249
0 217
1 302
0 249
0 217
1 302
0 249
0 218
1 300
0 250
0 219
1 299
0 250
0 219
1 298
0 251
0 220
1 296
0 252
0 221
1 295
0 252
0 221
1 295
0 252
0 222
1 293
0 253
0 222
1 292
0 254
0 223
1 290
0 255
0 224
1 288
0 256
0 225
1 286
0 257
0 226
1 285
0 257
0 227
1 283
0 258
0 228
1 282
0 258
0 228
1 282
0 258
0 229
1 281
0 258
0 231
1 278
0 259
0 232
1 277
0 259
0 232
1 276
0 260
0 233
1 274
0 261
0 233
1 272
0 263
0 233
1 271
0 264
0 234
1 269
0 265
0 234
1 268
0 266
0 235
1 266
0 267
0 235
1 266
0 267
0 236
1 131
0 4
1 128
0 269
0 236
1 120
0 1
1 10
0 7
1 1
0 1
1 122
0 270
0 237
1 132
0 3
1 2
0 3
1 120
0 271
0 238
1 130
0 5
1 1
0 5
1 117
0 272
0 238
1 130
0 12
1 116
0 272
0 240
1 128
0 13
1 115
0 272
0 242
1 36
0 3
1 95
0 5
1 114
0 273
0 242
1 1
0 1
1 36
0 3
1 211
0 274
0 243
1 11
0 2
1 9
0 9
1 6
0 1
1 1
0 2
1 68
0 5
1 136
0 275
0 244
1 11
0 2
1 3
0 8
1 1
0 7
1 3
0 7
1 1
0 4
1 61
0 2
1 1
0 8
1 9
0 5
1 116
0 275
0 245
1 12
0 1
1 1
0 7
1 6
0 4
1 6
0 2
1 3
0 6
1 5
0 1
1 57
0 10
1 7
0 4
1 115
0 276
0 245
1 3
0 1
1 6
0 1
1 3
0 5
1 11
0 9
1 4
0 11
1 36
0 3
1 18
0 10
1 7
0 5
1 1
0 1
1 2
0 9
1 5
0 1
1 93
0 278
0 259
1 1
0 4
1 12
0 23
1 56
0 6
1 13
0 6
1 4
0 9
1 1
0 4
1 92
0 278
0 259
1 2
0 3
1 5
0 1
1 10
0 1
1 1
0 17
1 44
0 1
1 1
0 8
1 3
0 4
1 14
0 5
1 11
0 2
1 1
0 6
1 90
0 279
0 266
1 1
0 4
1 9
0 19
1 48
0 5
1 4
0 5
1 14
0 4
1 15
0 3
1 90
0 281
0 271
1 10
0 15
1 61
0 3
1 16
0 4
1 16
0 2
1 19
0 1
1 68
0 282
0 271
1 13
0 11
1 28
0 4
1 28
0 5
1 16
0 5
1 104
0 283
0 271
1 12
0 13
1 20
0 12
1 23
0 10
1 14
0 13
1 95
0 285
0 260
1 3
0 10
1 10
0 3
1 4
0 8
1 18
0 11
1 24
0 8
1 15
0 12
1 9
0 1
1 1
0 7
1 74
0 1
1 2
0 287
0 261
1 5
0 9
1 7
0 5
1 4
0 8
1 18
0 2
1 4
0 4
1 25
0 6
1 5
0 9
1 3
0 12
1 5
0 3
1 1
0 1
1 1
0 1
1 1
0 4
1 72
0 2
1 1
0 289
0 262
1 7
0 1
1 1
0 1
1 2
0 5
1 2
0 5
1 8
0 6
1 30
0 4
1 8
0 14
1 8
0 25
1 2
0 1
1 1
0 1
1 76
0 2
1 1
0 1
1 1
0 293
0 264
1 6
0 1
1 6
0 2
1 2
0 7
1 4
0 8
1 15
0 1
1 13
0 27
1 8
0 25
1 85
0 294
0 266
1 14
0 9
1 3
0 8
1 14
0 1
1 14
0 29
1 8
0 29
1 28
0 6
1 43
0 296
0 272
1 9
0 19
1 10
0 1
1 2
0 1
1 18
0 29
1 6
0 5
1 3
0 23
1 24
0 1
1 46
0 1
1 2
0 296
0 272
1 2
0 3
1 4
0 19
1 8
0 5
1 19
0 31
1 5
0 2
1 5
0 3
1 6
0 18
1 1
0 2
1 1
0 8
1 21
0 6
1 28
0 299
0 273
1 3
0 24
1 6
0 7
1 19
0 33
1 3
0 3
1 3
0 6
1 5
0 30
1 20
0 5
1 22
0 306
0 273
1 4
0 5
1 5
0 14
1 6
0 8
1 18
0 32
1 2
0 5
1 1
0 6
1 1
0 1
1 6
0 29
1 46
0 3
1 1
0 302
0 275
1 2
0 6
1 4
0 8
1 2
0 3
1 11
0 5
1 17
0 32
1 2
0 14
1 7
0 17
1 3
0 8
1 45
0 307
0 296
1 1
0 1
1 7
0 2
1 13
0 1
1 1
0 4
1 5
0 51
1 2
0 20
1 5
0 8
1 44
0 307
0 301
1 3
0 4
1 14
0 18
1 3
0 53
1 1
0 1
1 2
0 4
1 4
0 10
1 19
0 1
1 5
0 3
1 14
0 308
0 308
1 16
0 72
1 3
0 31
1 4
0 13
1 13
0 308
0 308
1 20
0 124
1 7
0 309
0 308
1 15
0 90
1 3
0 30
1 1
0 2
1 7
0 312
0 308
1 3
0 8
1 2
0 92
1 5
0 24
1 13
0 313
0 440
1 14
0 314
0 308
1 2
0 129
1 8
0 321
0 305
1 6
0 127
1 9
0 321
0 303
1 8
0 127
1 6
0 1
1 2
0 321
0 304
1 8
0 125
1 6
0 325
0 768
0 768
0 768
0 768
0 768
0 768
0 768
0 768
0 768
0 768
0 768
0 768
0 112
1 1
0 655
0 518
1 1
0 249
0 519
1 1
0 248
0 768
0 768
0 768
0 768
0 768
0 493
1 2
0 273
0 768
0 768
0 768
0 768
0 768
0 768
0 768
0 768
0 716
1 1
0 51
0 768
0 692
1 3
0 73
0 488
1 1
0 279
0 238
1 1
0 290
1 2
0 237
0 529
1 3
0 236
0 532
1 3
0 233
0 168
1 2
0 214
1 2
0 184
1 4
0 194
0 383
1 4
0 183
1 3
0 195
0 768
0 494
1 1
0 273
0 494
1 1
0 273
0 334
1 2
0 432
0 768
0 768
0 768
0 768
0 768
0 768
0 383
1 1
0 384
0 382
1 11
0 375
0 768
0 768
0 343
1 1
0 424
0 768
0 768
0 768
0 768
0 768
0 768
0 768
0 443
1 3
0 322
0 442
1 4
0 322
0 443
1 3
0 322
0 768
0 768
0 768
0 194
1 2
0 572
0 768
0 768
0 768
0 768
0 768
0 768
0 768
0 768
0 768
0 768
0 768
0 768
0 768
0 768
0 768
0 768
0 768
0 768
0 768
0 422
1 1
0 345
0 768
0 768
0 768
0 768
0 768
0 768
0 768
0 768
