Image Name,Hu1,Hu2,Hu3,Hu4,Hu5,Hu6,Hu7
1.PNG,
0.000757136296638394,
2.1397173764188246e-08,
9.935142318144587e-11,
3.940545499464543e-12,
-8.773408526379403e-24,
-2.877650855239497e-16,
7.747374469258365e-23
2.PNG,
0.0008239940879489047,
1.1188937812133886e-07,
1.9738188725787883e-10,
1.700832997817342e-11,
9.216518582415568e-22,
5.278885909296886e-15,
-3.48885759062454e-22
3.PNG,
0.0007417426093387872,
4.298245181794693e-08,
1.0271592017672073e-10,
5.6096075357205355e-12,
1.3309506257499034e-22,
1.1599727639602292e-15,
2.0427072338855536e-23
4.PNG,
0.0007309709142068686,
6.984900988354899e-08,
4.5941688782844614e-11,
2.358445740083201e-12,
-2.39774793236393e-23,
-6.061723604980118e-16,
-5.268537937685914e-24
5.PNG,
0.0006398942178917808,
1.2982146442988444e-09,
4.7717784764103914e-12,
1.265021849015774e-15,
2.264141072863638e-29,
4.5070308224071504e-20,
9.564154350763846e-29
6.PNG,
0.0007033875299811791,
4.4554335295409365e-08,
4.408020279207475e-11,
1.905838536293663e-12,
-1.5292742981603519e-24,
-1.566055366109987e-16,
1.7401242928922465e-23
7.PNG,
0.0006840646162768605,
6.90729754398821e-08,
1.2724669892899187e-12,
6.681904471820962e-14,
9.747719909525572e-28,
3.700132865095929e-18,
1.945940055072497e-26
8.PNG,
0.0006866103745200397,
7.154185911099537e-08,
3.038579055168325e-12,
1.910028020549147e-13,
1.2565638183787585e-25,
4.7602401878987986e-17,
-7.337460339616532e-26
9.PNG,
0.0006495649896381655,
2.1631502018893065e-08,
1.9896186722252184e-12,
1.1694623392232833e-13,
-5.4541456103973e-26,
-1.7198020053697753e-17,
-1.440269468180537e-26
10.PNG,
0.0006463820858119418,
1.0684385740190397e-08,
6.370161628524648e-12,
2.36515890472498e-13,
-2.812810236616831e-25,
-1.954578318504792e-17,
7.184931718083409e-26
